68 69 70 71 72 73 75 76 77 78 79 80 81 82 83
83 68 69 70 71 72 73 75 76 77 78 79 80 81 82
82 83 68 69 70 71 72 73 75 76 77 78 79 80 81
81 82 83 68 69 70 71 72 73 75 76 77 78 79 80
80 81 82 83 68 69 70 71 72 73 75 76 77 78 79
79 80 81 82 83 68 69 70 71 72 73 75 76 77 78
78 79 80 81 82 83 68 69 70 71 72 73 75 76 77
77 78 79 80 81 82 83 68 69 70 71 72 73 74 76
76 77 78 79 80 81 82 83 68 69 70 71 72 73 74
74 76 77 78 79 80 81 82 83 68 69 70 71 72 73
73 74 76 77 78 79 80 81 82 83 68 69 70 71 72
72 73 74 76 77 78 79 80 81 82 83 68 69 70 71
71 72 73 74 76 77 78 79 80 81 82 83 68 69 70
70 71 72 73 74 76 77 78 79 80 81 82 83 68 69
69 70 71 72 73 74 76 77 78 79 80 81 82 83 68