138366 138367 138368 138369 138370 138371 138372 138373 138374 138375 138376 138377 138378 138379 138380 138381 138382 138383 138384 138385 138386 138387 138388 138389 138390 138391 138392 138393 138394 138395 138396 138397 138398 138399 138400 138401 138402 138403 138404 138405 138406 138407 138408 138409 138410 138411 138412 138413 138414 138415 138416 138417 138418 138419 138420 138421 138422 138423 138424 138426 138427 138428 138429 138430 138431 138432 138433 138434 138435 138436 138437 138438 138439 138440 138441 138442 138443 138444 138445 138446 138447 138448 138449 138450 138451
138451 138366 138367 138368 138369 138370 138371 138372 138373 138374 138375 138376 138377 138378 138379 138380 138381 138382 138383 138384 138385 138386 138387 138388 138389 138390 138391 138392 138393 138394 138395 138396 138397 138398 138399 138400 138401 138402 138403 138404 138405 138406 138407 138408 138409 138410 138411 138412 138413 138414 138415 138416 138417 138418 138419 138420 138421 138422 138423 138424 138426 138427 138428 138429 138430 138431 138432 138433 138434 138435 138436 138437 138438 138439 138440 138441 138442 138443 138444 138445 138446 138447 138448 138449 138450
138450 138451 138366 138367 138368 138369 138370 138371 138372 138373 138374 138375 138376 138377 138378 138379 138380 138381 138382 138383 138384 138385 138386 138387 138388 138389 138390 138391 138392 138393 138394 138395 138396 138397 138398 138399 138400 138401 138402 138403 138404 138405 138406 138407 138408 138409 138410 138411 138412 138413 138414 138415 138416 138417 138418 138419 138420 138421 138422 138423 138424 138426 138427 138428 138429 138430 138431 138432 138433 138434 138435 138436 138437 138438 138439 138440 138441 138442 138443 138444 138445 138446 138447 138448 138449
138449 138450 138451 138366 138367 138368 138369 138370 138371 138372 138373 138374 138375 138376 138377 138378 138379 138380 138381 138382 138383 138384 138385 138386 138387 138388 138389 138390 138391 138392 138393 138394 138395 138396 138397 138398 138399 138400 138401 138402 138403 138404 138405 138406 138407 138408 138409 138410 138411 138412 138413 138414 138415 138416 138417 138418 138419 138420 138421 138422 138423 138424 138426 138427 138428 138429 138430 138431 138432 138433 138434 138435 138436 138437 138438 138439 138440 138441 138442 138443 138444 138445 138446 138447 138448
138448 138449 138450 138451 138366 138367 138368 138369 138370 138371 138372 138373 138374 138375 138376 138377 138378 138379 138380 138381 138382 138383 138384 138385 138386 138387 138388 138389 138390 138391 138392 138393 138394 138395 138396 138397 138398 138399 138400 138401 138402 138403 138404 138405 138406 138407 138408 138409 138410 138411 138412 138413 138414 138415 138416 138417 138418 138419 138420 138421 138422 138423 138424 138426 138427 138428 138429 138430 138431 138432 138433 138434 138435 138436 138437 138438 138439 138440 138441 138442 138443 138444 138445 138446 138447
138447 138448 138449 138450 138451 138366 138367 138368 138369 138370 138371 138372 138373 138374 138375 138376 138377 138378 138379 138380 138381 138382 138383 138384 138385 138386 138387 138388 138389 138390 138391 138392 138393 138394 138395 138396 138397 138398 138399 138400 138401 138402 138403 138404 138405 138406 138407 138408 138409 138410 138411 138412 138413 138414 138415 138416 138417 138418 138419 138420 138421 138422 138423 138424 138426 138427 138428 138429 138430 138431 138432 138433 138434 138435 138436 138437 138438 138439 138440 138441 138442 138443 138444 138445 138446
138446 138447 138448 138449 138450 138451 138366 138367 138368 138369 138370 138371 138372 138373 138374 138375 138376 138377 138378 138379 138380 138381 138382 138383 138384 138385 138386 138387 138388 138389 138390 138391 138392 138393 138394 138395 138396 138397 138398 138399 138400 138401 138402 138403 138404 138405 138406 138407 138408 138409 138410 138411 138412 138413 138414 138415 138416 138417 138418 138419 138420 138421 138422 138423 138424 138426 138427 138428 138429 138430 138431 138432 138433 138434 138435 138436 138437 138438 138439 138440 138441 138442 138443 138444 138445
138445 138446 138447 138448 138449 138450 138451 138366 138367 138368 138369 138370 138371 138372 138373 138374 138375 138376 138377 138378 138379 138380 138381 138382 138383 138384 138385 138386 138387 138388 138389 138390 138391 138392 138393 138394 138395 138396 138397 138398 138399 138400 138401 138402 138403 138404 138405 138406 138407 138408 138409 138410 138411 138412 138413 138414 138415 138416 138417 138418 138419 138420 138421 138422 138423 138424 138426 138427 138428 138429 138430 138431 138432 138433 138434 138435 138436 138437 138438 138439 138440 138441 138442 138443 138444
138444 138445 138446 138447 138448 138449 138450 138451 138366 138367 138368 138369 138370 138371 138372 138373 138374 138375 138376 138377 138378 138379 138380 138381 138382 138383 138384 138385 138386 138387 138388 138389 138390 138391 138392 138393 138394 138395 138396 138397 138398 138399 138400 138401 138402 138403 138404 138405 138406 138407 138408 138409 138410 138411 138412 138413 138414 138415 138416 138417 138418 138419 138420 138421 138422 138423 138424 138426 138427 138428 138429 138430 138431 138432 138433 138434 138435 138436 138437 138438 138439 138440 138441 138442 138443
138443 138444 138445 138446 138447 138448 138449 138450 138451 138366 138367 138368 138369 138370 138371 138372 138373 138374 138375 138376 138377 138378 138379 138380 138381 138382 138383 138384 138385 138386 138387 138388 138389 138390 138391 138392 138393 138394 138395 138396 138397 138398 138399 138400 138401 138402 138403 138404 138405 138406 138407 138408 138409 138410 138411 138412 138413 138414 138415 138416 138417 138418 138419 138420 138421 138422 138423 138424 138426 138427 138428 138429 138430 138431 138432 138433 138434 138435 138436 138437 138438 138439 138440 138441 138442
138442 138443 138444 138445 138446 138447 138448 138449 138450 138451 138366 138367 138368 138369 138370 138371 138372 138373 138374 138375 138376 138377 138378 138379 138380 138381 138382 138383 138384 138385 138386 138387 138388 138389 138390 138391 138392 138393 138394 138395 138396 138397 138398 138399 138400 138401 138402 138403 138404 138405 138406 138407 138408 138409 138410 138411 138412 138413 138414 138415 138416 138417 138418 138419 138420 138421 138422 138423 138424 138426 138427 138428 138429 138430 138431 138432 138433 138434 138435 138436 138437 138438 138439 138440 138441
138441 138442 138443 138444 138445 138446 138447 138448 138449 138450 138451 138366 138367 138368 138369 138370 138371 138372 138373 138374 138375 138376 138377 138378 138379 138380 138381 138382 138383 138384 138385 138386 138387 138388 138389 138390 138391 138392 138393 138394 138395 138396 138397 138398 138399 138400 138401 138402 138403 138404 138405 138406 138407 138408 138409 138410 138411 138412 138413 138414 138415 138416 138417 138418 138419 138420 138421 138422 138423 138424 138426 138427 138428 138429 138430 138431 138432 138433 138434 138435 138436 138437 138438 138439 138440
138440 138441 138442 138443 138444 138445 138446 138447 138448 138449 138450 138451 138366 138367 138368 138369 138370 138371 138372 138373 138374 138375 138376 138377 138378 138379 138380 138381 138382 138383 138384 138385 138386 138387 138388 138389 138390 138391 138392 138393 138394 138395 138396 138397 138398 138399 138400 138401 138402 138403 138404 138405 138406 138407 138408 138409 138410 138411 138412 138413 138414 138415 138416 138417 138418 138419 138420 138421 138422 138423 138424 138426 138427 138428 138429 138430 138431 138432 138433 138434 138435 138436 138437 138438 138439
138439 138440 138441 138442 138443 138444 138445 138446 138447 138448 138449 138450 138451 138366 138367 138368 138369 138370 138371 138372 138373 138374 138375 138376 138377 138378 138379 138380 138381 138382 138383 138384 138385 138386 138387 138388 138389 138390 138391 138392 138393 138394 138395 138396 138397 138398 138399 138400 138401 138402 138403 138404 138405 138406 138407 138408 138409 138410 138411 138412 138413 138414 138415 138416 138417 138418 138419 138420 138421 138422 138423 138424 138426 138427 138428 138429 138430 138431 138432 138433 138434 138435 138436 138437 138438
138438 138439 138440 138441 138442 138443 138444 138445 138446 138447 138448 138449 138450 138451 138366 138367 138368 138369 138370 138371 138372 138373 138374 138375 138376 138377 138378 138379 138380 138381 138382 138383 138384 138385 138386 138387 138388 138389 138390 138391 138392 138393 138394 138395 138396 138397 138398 138399 138400 138401 138402 138403 138404 138405 138406 138407 138408 138409 138410 138411 138412 138413 138414 138415 138416 138417 138418 138419 138420 138421 138422 138423 138424 138426 138427 138428 138429 138430 138431 138432 138433 138434 138435 138436 138437
138437 138438 138439 138440 138441 138442 138443 138444 138445 138446 138447 138448 138449 138450 138451 138366 138367 138368 138369 138370 138371 138372 138373 138374 138375 138376 138377 138378 138379 138380 138381 138382 138383 138384 138385 138386 138387 138388 138389 138390 138391 138392 138393 138394 138395 138396 138397 138398 138399 138400 138401 138402 138403 138404 138405 138406 138407 138408 138409 138410 138411 138412 138413 138414 138415 138416 138417 138418 138419 138420 138421 138422 138423 138424 138426 138427 138428 138429 138430 138431 138432 138433 138434 138435 138436
138436 138437 138438 138439 138440 138441 138442 138443 138444 138445 138446 138447 138448 138449 138450 138451 138366 138367 138368 138369 138370 138371 138372 138373 138374 138375 138376 138377 138378 138379 138380 138381 138382 138383 138384 138385 138386 138387 138388 138389 138390 138391 138392 138393 138394 138395 138396 138397 138398 138399 138400 138401 138402 138403 138404 138405 138406 138407 138408 138409 138410 138411 138412 138413 138414 138415 138416 138417 138418 138419 138420 138421 138422 138423 138424 138426 138427 138428 138429 138430 138431 138432 138433 138434 138435
138435 138436 138437 138438 138439 138440 138441 138442 138443 138444 138445 138446 138447 138448 138449 138450 138451 138366 138367 138368 138369 138370 138371 138372 138373 138374 138375 138376 138377 138378 138379 138380 138381 138382 138383 138384 138385 138386 138387 138388 138389 138390 138391 138392 138393 138394 138395 138396 138397 138398 138399 138400 138401 138402 138403 138404 138405 138406 138407 138408 138409 138410 138411 138412 138413 138414 138415 138416 138417 138418 138419 138420 138421 138422 138423 138424 138426 138427 138428 138429 138430 138431 138432 138433 138434
138434 138435 138436 138437 138438 138439 138440 138441 138442 138443 138444 138445 138446 138447 138448 138449 138450 138451 138366 138367 138368 138369 138370 138371 138372 138373 138374 138375 138376 138377 138378 138379 138380 138381 138382 138383 138384 138385 138386 138387 138388 138389 138390 138391 138392 138393 138394 138395 138396 138397 138398 138399 138400 138401 138402 138403 138404 138405 138406 138407 138408 138409 138410 138411 138412 138413 138414 138415 138416 138417 138418 138419 138420 138421 138422 138423 138424 138426 138427 138428 138429 138430 138431 138432 138433
138433 138434 138435 138436 138437 138438 138439 138440 138441 138442 138443 138444 138445 138446 138447 138448 138449 138450 138451 138366 138367 138368 138369 138370 138371 138372 138373 138374 138375 138376 138377 138378 138379 138380 138381 138382 138383 138384 138385 138386 138387 138388 138389 138390 138391 138392 138393 138394 138395 138396 138397 138398 138399 138400 138401 138402 138403 138404 138405 138406 138407 138408 138409 138410 138411 138412 138413 138414 138415 138416 138417 138418 138419 138420 138421 138422 138423 138424 138426 138427 138428 138429 138430 138431 138432
138432 138433 138434 138435 138436 138437 138438 138439 138440 138441 138442 138443 138444 138445 138446 138447 138448 138449 138450 138451 138366 138367 138368 138369 138370 138371 138372 138373 138374 138375 138376 138377 138378 138379 138380 138381 138382 138383 138384 138385 138386 138387 138388 138389 138390 138391 138392 138393 138394 138395 138396 138397 138398 138399 138400 138401 138402 138403 138404 138405 138406 138407 138408 138409 138410 138411 138412 138413 138414 138415 138416 138417 138418 138419 138420 138421 138422 138423 138424 138426 138427 138428 138429 138430 138431
138431 138432 138433 138434 138435 138436 138437 138438 138439 138440 138441 138442 138443 138444 138445 138446 138447 138448 138449 138450 138451 138366 138367 138368 138369 138370 138371 138372 138373 138374 138375 138376 138377 138378 138379 138380 138381 138382 138383 138384 138385 138386 138387 138388 138389 138390 138391 138392 138393 138394 138395 138396 138397 138398 138399 138400 138401 138402 138403 138404 138405 138406 138407 138408 138409 138410 138411 138412 138413 138414 138415 138416 138417 138418 138419 138420 138421 138422 138423 138424 138426 138427 138428 138429 138430
138430 138431 138432 138433 138434 138435 138436 138437 138438 138439 138440 138441 138442 138443 138444 138445 138446 138447 138448 138449 138450 138451 138366 138367 138368 138369 138370 138371 138372 138373 138374 138375 138376 138377 138378 138379 138380 138381 138382 138383 138384 138385 138386 138387 138388 138389 138390 138391 138392 138393 138394 138395 138396 138397 138398 138399 138400 138401 138402 138403 138404 138405 138406 138407 138408 138409 138410 138411 138412 138413 138414 138415 138416 138417 138418 138419 138420 138421 138422 138423 138424 138426 138427 138428 138429
138429 138430 138431 138432 138433 138434 138435 138436 138437 138438 138439 138440 138441 138442 138443 138444 138445 138446 138447 138448 138449 138450 138451 138366 138367 138368 138369 138370 138371 138372 138373 138374 138375 138376 138377 138378 138379 138380 138381 138382 138383 138384 138385 138386 138387 138388 138389 138390 138391 138392 138393 138394 138395 138396 138397 138398 138399 138400 138401 138402 138403 138404 138405 138406 138407 138408 138409 138410 138411 138412 138413 138414 138415 138416 138417 138418 138419 138420 138421 138422 138423 138424 138426 138427 138428
138428 138429 138430 138431 138432 138433 138434 138435 138436 138437 138438 138439 138440 138441 138442 138443 138444 138445 138446 138447 138448 138449 138450 138451 138366 138367 138368 138369 138370 138371 138372 138373 138374 138375 138376 138377 138378 138379 138380 138381 138382 138383 138384 138385 138386 138387 138388 138389 138390 138391 138392 138393 138394 138395 138396 138397 138398 138399 138400 138401 138402 138403 138404 138405 138406 138407 138408 138409 138410 138411 138412 138413 138414 138415 138416 138417 138418 138419 138420 138421 138422 138423 138424 138426 138427
138427 138428 138429 138430 138431 138432 138433 138434 138435 138436 138437 138438 138439 138440 138441 138442 138443 138444 138445 138446 138447 138448 138449 138450 138451 138366 138367 138368 138369 138370 138371 138372 138373 138374 138375 138376 138377 138378 138379 138380 138381 138382 138383 138384 138385 138386 138387 138388 138389 138390 138391 138392 138393 138394 138395 138396 138397 138398 138399 138400 138401 138402 138403 138404 138405 138406 138407 138408 138409 138410 138411 138412 138413 138414 138415 138416 138417 138418 138419 138420 138421 138422 138423 138424 138426
138426 138427 138428 138429 138430 138431 138432 138433 138434 138435 138436 138437 138438 138439 138440 138441 138442 138443 138444 138445 138446 138447 138448 138449 138450 138451 138366 138367 138368 138369 138370 138371 138372 138373 138374 138375 138376 138377 138378 138379 138380 138381 138382 138383 138384 138385 138386 138387 138388 138389 138390 138391 138392 138393 138394 138395 138396 138397 138398 138399 138400 138401 138402 138403 138404 138405 138406 138407 138408 138409 138410 138411 138412 138413 138414 138415 138416 138417 138418 138419 138420 138421 138422 138423 138424
138424 138426 138427 138428 138429 138430 138431 138432 138433 138434 138435 138436 138437 138438 138439 138440 138441 138442 138443 138444 138445 138446 138447 138448 138449 138450 138451 138366 138367 138368 138369 138370 138371 138372 138373 138374 138375 138376 138377 138378 138379 138380 138381 138382 138383 138384 138385 138386 138387 138388 138389 138390 138391 138392 138393 138394 138395 138396 138397 138398 138399 138400 138401 138402 138403 138404 138405 138406 138407 138408 138409 138410 138411 138412 138413 138414 138415 138416 138417 138418 138419 138420 138421 138422 138423
138423 138424 138426 138427 138428 138429 138430 138431 138432 138433 138434 138435 138436 138437 138438 138439 138440 138441 138442 138443 138444 138445 138446 138447 138448 138449 138450 138451 138366 138367 138368 138369 138370 138371 138372 138373 138374 138375 138376 138377 138378 138379 138380 138381 138382 138383 138384 138385 138386 138387 138388 138389 138390 138391 138392 138393 138394 138395 138396 138397 138398 138399 138400 138401 138402 138403 138404 138405 138406 138407 138408 138409 138410 138411 138412 138413 138414 138415 138416 138417 138418 138419 138420 138421 138422
138422 138423 138424 138426 138427 138428 138429 138430 138431 138432 138433 138434 138435 138436 138437 138438 138439 138440 138441 138442 138443 138444 138445 138446 138447 138448 138449 138450 138451 138366 138367 138368 138369 138370 138371 138372 138373 138374 138375 138376 138377 138378 138379 138380 138381 138382 138383 138384 138385 138386 138387 138388 138389 138390 138391 138392 138393 138394 138395 138396 138397 138398 138399 138400 138401 138402 138403 138404 138405 138406 138407 138408 138409 138410 138411 138412 138413 138414 138415 138416 138417 138418 138419 138420 138421
138421 138422 138423 138424 138426 138427 138428 138429 138430 138431 138432 138433 138434 138435 138436 138437 138438 138439 138440 138441 138442 138443 138444 138445 138446 138447 138448 138449 138450 138451 138366 138367 138368 138369 138370 138371 138372 138373 138374 138375 138376 138377 138378 138379 138380 138381 138382 138383 138384 138385 138386 138387 138388 138389 138390 138391 138392 138393 138394 138395 138396 138397 138398 138399 138400 138401 138402 138403 138404 138405 138406 138407 138408 138409 138410 138411 138412 138413 138414 138415 138416 138417 138418 138419 138420
138420 138421 138422 138423 138424 138426 138427 138428 138429 138430 138431 138432 138433 138434 138435 138436 138437 138438 138439 138440 138441 138442 138443 138444 138445 138446 138447 138448 138449 138450 138451 138366 138367 138368 138369 138370 138371 138372 138373 138374 138375 138376 138377 138378 138379 138380 138381 138382 138383 138384 138385 138386 138387 138388 138389 138390 138391 138392 138393 138394 138395 138396 138397 138398 138399 138400 138401 138402 138403 138404 138405 138406 138407 138408 138409 138410 138411 138412 138413 138414 138415 138416 138417 138418 138419
138419 138420 138421 138422 138423 138424 138426 138427 138428 138429 138430 138431 138432 138433 138434 138435 138436 138437 138438 138439 138440 138441 138442 138443 138444 138445 138446 138447 138448 138449 138450 138451 138366 138367 138368 138369 138370 138371 138372 138373 138374 138375 138376 138377 138378 138379 138380 138381 138382 138383 138384 138385 138386 138387 138388 138389 138390 138391 138392 138393 138394 138395 138396 138397 138398 138399 138400 138401 138402 138403 138404 138405 138406 138407 138408 138409 138410 138411 138412 138413 138414 138415 138416 138417 138418
138418 138419 138420 138421 138422 138423 138424 138426 138427 138428 138429 138430 138431 138432 138433 138434 138435 138436 138437 138438 138439 138440 138441 138442 138443 138444 138445 138446 138447 138448 138449 138450 138451 138366 138367 138368 138369 138370 138371 138372 138373 138374 138375 138376 138377 138378 138379 138380 138381 138382 138383 138384 138385 138386 138387 138388 138389 138390 138391 138392 138393 138394 138395 138396 138397 138398 138399 138400 138401 138402 138403 138404 138405 138406 138407 138408 138409 138410 138411 138412 138413 138414 138415 138416 138417
138417 138418 138419 138420 138421 138422 138423 138424 138426 138427 138428 138429 138430 138431 138432 138433 138434 138435 138436 138437 138438 138439 138440 138441 138442 138443 138444 138445 138446 138447 138448 138449 138450 138451 138366 138367 138368 138369 138370 138371 138372 138373 138374 138375 138376 138377 138378 138379 138380 138381 138382 138383 138384 138385 138386 138387 138388 138389 138390 138391 138392 138393 138394 138395 138396 138397 138398 138399 138400 138401 138402 138403 138404 138405 138406 138407 138408 138409 138410 138411 138412 138413 138414 138415 138416
138416 138417 138418 138419 138420 138421 138422 138423 138424 138426 138427 138428 138429 138430 138431 138432 138433 138434 138435 138436 138437 138438 138439 138440 138441 138442 138443 138444 138445 138446 138447 138448 138449 138450 138451 138366 138367 138368 138369 138370 138371 138372 138373 138374 138375 138376 138377 138378 138379 138380 138381 138382 138383 138384 138385 138386 138387 138388 138389 138390 138391 138392 138393 138394 138395 138396 138397 138398 138399 138400 138401 138402 138403 138404 138405 138406 138407 138408 138409 138410 138411 138412 138413 138414 138415
138415 138416 138417 138418 138419 138420 138421 138422 138423 138424 138426 138427 138428 138429 138430 138431 138432 138433 138434 138435 138436 138437 138438 138439 138440 138441 138442 138443 138444 138445 138446 138447 138448 138449 138450 138451 138366 138367 138368 138369 138370 138371 138372 138373 138374 138375 138376 138377 138378 138379 138380 138381 138382 138383 138384 138385 138386 138387 138388 138389 138390 138391 138392 138393 138394 138395 138396 138397 138398 138399 138400 138401 138402 138403 138404 138405 138406 138407 138408 138409 138410 138411 138412 138413 138414
138414 138415 138416 138417 138418 138419 138420 138421 138422 138423 138424 138426 138427 138428 138429 138430 138431 138432 138433 138434 138435 138436 138437 138438 138439 138440 138441 138442 138443 138444 138445 138446 138447 138448 138449 138450 138451 138366 138367 138368 138369 138370 138371 138372 138373 138374 138375 138376 138377 138378 138379 138380 138381 138382 138383 138384 138385 138386 138387 138388 138389 138390 138391 138392 138393 138394 138395 138396 138397 138398 138399 138400 138401 138402 138403 138404 138405 138406 138407 138408 138409 138410 138411 138412 138413
138413 138414 138415 138416 138417 138418 138419 138420 138421 138422 138423 138424 138426 138427 138428 138429 138430 138431 138432 138433 138434 138435 138436 138437 138438 138439 138440 138441 138442 138443 138444 138445 138446 138447 138448 138449 138450 138451 138366 138367 138368 138369 138370 138371 138372 138373 138374 138375 138376 138377 138378 138379 138380 138381 138382 138383 138384 138385 138386 138387 138388 138389 138390 138391 138392 138393 138394 138395 138396 138397 138398 138399 138400 138401 138402 138403 138404 138405 138406 138407 138408 138409 138410 138411 138412
138412 138413 138414 138415 138416 138417 138418 138419 138420 138421 138422 138423 138424 138426 138427 138428 138429 138430 138431 138432 138433 138434 138435 138436 138437 138438 138439 138440 138441 138442 138443 138444 138445 138446 138447 138448 138449 138450 138451 138366 138367 138368 138369 138370 138371 138372 138373 138374 138375 138376 138377 138378 138379 138380 138381 138382 138383 138384 138385 138386 138387 138388 138389 138390 138391 138392 138393 138394 138395 138396 138397 138398 138399 138400 138401 138402 138403 138404 138405 138406 138407 138408 138409 138410 138411
138411 138412 138413 138414 138415 138416 138417 138418 138419 138420 138421 138422 138423 138424 138426 138427 138428 138429 138430 138431 138432 138433 138434 138435 138436 138437 138438 138439 138440 138441 138442 138443 138444 138445 138446 138447 138448 138449 138450 138451 138366 138367 138368 138369 138370 138371 138372 138373 138374 138375 138376 138377 138378 138379 138380 138381 138382 138383 138384 138385 138386 138387 138388 138389 138390 138391 138392 138393 138394 138395 138396 138397 138398 138399 138400 138401 138402 138403 138404 138405 138406 138407 138408 138409 138410
138410 138411 138412 138413 138414 138415 138416 138417 138418 138419 138420 138421 138422 138423 138424 138426 138427 138428 138429 138430 138431 138432 138433 138434 138435 138436 138437 138438 138439 138440 138441 138442 138443 138444 138445 138446 138447 138448 138449 138450 138451 138366 138367 138368 138369 138370 138371 138372 138373 138374 138375 138376 138377 138378 138379 138380 138381 138382 138383 138384 138385 138386 138387 138388 138389 138390 138391 138392 138393 138394 138395 138396 138397 138398 138399 138400 138401 138402 138403 138404 138405 138406 138407 138408 138409
138409 138410 138411 138412 138413 138414 138415 138416 138417 138418 138419 138420 138421 138422 138423 138424 138426 138427 138428 138429 138430 138431 138432 138433 138434 138435 138436 138437 138438 138439 138440 138441 138442 138443 138444 138445 138446 138447 138448 138449 138450 138451 138366 138367 138368 138369 138370 138371 138372 138373 138374 138375 138376 138377 138378 138379 138380 138381 138382 138383 138384 138385 138386 138387 138388 138389 138390 138391 138392 138393 138394 138395 138396 138397 138398 138399 138400 138401 138402 138403 138404 138405 138406 138407 138408
138408 138409 138410 138411 138412 138413 138414 138415 138416 138417 138418 138419 138420 138421 138422 138423 138424 138426 138427 138428 138429 138430 138431 138432 138433 138434 138435 138436 138437 138438 138439 138440 138441 138442 138443 138444 138445 138446 138447 138448 138449 138450 138451 138366 138367 138368 138369 138370 138371 138372 138373 138374 138375 138376 138377 138378 138379 138380 138381 138382 138383 138384 138385 138386 138387 138388 138389 138390 138391 138392 138393 138394 138395 138396 138397 138398 138399 138400 138401 138402 138403 138404 138405 138406 138407
138407 138408 138409 138410 138411 138412 138413 138414 138415 138416 138417 138418 138419 138420 138421 138422 138423 138424 138426 138427 138428 138429 138430 138431 138432 138433 138434 138435 138436 138437 138438 138439 138440 138441 138442 138443 138444 138445 138446 138447 138448 138449 138450 138451 138366 138367 138368 138369 138370 138371 138372 138373 138374 138375 138376 138377 138378 138379 138380 138381 138382 138383 138384 138385 138386 138387 138388 138389 138390 138391 138392 138393 138394 138395 138396 138397 138398 138399 138400 138401 138402 138403 138404 138405 138406
138406 138407 138408 138409 138410 138411 138412 138413 138414 138415 138416 138417 138418 138419 138420 138421 138422 138423 138424 138426 138427 138428 138429 138430 138431 138432 138433 138434 138435 138436 138437 138438 138439 138440 138441 138442 138443 138444 138445 138446 138447 138448 138449 138450 138451 138366 138367 138368 138369 138370 138371 138372 138373 138374 138375 138376 138377 138378 138379 138380 138381 138382 138383 138384 138385 138386 138387 138388 138389 138390 138391 138392 138393 138394 138395 138396 138397 138398 138399 138400 138401 138402 138403 138404 138405
138405 138406 138407 138408 138409 138410 138411 138412 138413 138414 138415 138416 138417 138418 138419 138420 138421 138422 138423 138424 138426 138427 138428 138429 138430 138431 138432 138433 138434 138435 138436 138437 138438 138439 138440 138441 138442 138443 138444 138445 138446 138447 138448 138449 138450 138451 138366 138367 138368 138369 138370 138371 138372 138373 138374 138375 138376 138377 138378 138379 138380 138381 138382 138383 138384 138385 138386 138387 138388 138389 138390 138391 138392 138393 138394 138395 138396 138397 138398 138399 138400 138401 138402 138403 138404
138404 138405 138406 138407 138408 138409 138410 138411 138412 138413 138414 138415 138416 138417 138418 138419 138420 138421 138422 138423 138424 138426 138427 138428 138429 138430 138431 138432 138433 138434 138435 138436 138437 138438 138439 138440 138441 138442 138443 138444 138445 138446 138447 138448 138449 138450 138451 138366 138367 138368 138369 138370 138371 138372 138373 138374 138375 138376 138377 138378 138379 138380 138381 138382 138383 138384 138385 138386 138387 138388 138389 138390 138391 138392 138393 138394 138395 138396 138397 138398 138399 138400 138401 138402 138403
138403 138404 138405 138406 138407 138408 138409 138410 138411 138412 138413 138414 138415 138416 138417 138418 138419 138420 138421 138422 138423 138424 138426 138427 138428 138429 138430 138431 138432 138433 138434 138435 138436 138437 138438 138439 138440 138441 138442 138443 138444 138445 138446 138447 138448 138449 138450 138451 138366 138367 138368 138369 138370 138371 138372 138373 138374 138375 138376 138377 138378 138379 138380 138381 138382 138383 138384 138385 138386 138387 138388 138389 138390 138391 138392 138393 138394 138395 138396 138397 138398 138399 138400 138401 138402
138402 138403 138404 138405 138406 138407 138408 138409 138410 138411 138412 138413 138414 138415 138416 138417 138418 138419 138420 138421 138422 138423 138424 138426 138427 138428 138429 138430 138431 138432 138433 138434 138435 138436 138437 138438 138439 138440 138441 138442 138443 138444 138445 138446 138447 138448 138449 138450 138451 138366 138367 138368 138369 138370 138371 138372 138373 138374 138375 138376 138377 138378 138379 138380 138381 138382 138383 138384 138385 138386 138387 138388 138389 138390 138391 138392 138393 138394 138395 138396 138397 138398 138399 138400 138401
138401 138402 138403 138404 138405 138406 138407 138408 138409 138410 138411 138412 138413 138414 138415 138416 138417 138418 138419 138420 138421 138422 138423 138424 138426 138427 138428 138429 138430 138431 138432 138433 138434 138435 138436 138437 138438 138439 138440 138441 138442 138443 138444 138445 138446 138447 138448 138449 138450 138451 138366 138367 138368 138369 138370 138371 138372 138373 138374 138375 138376 138377 138378 138379 138380 138381 138382 138383 138384 138385 138386 138387 138388 138389 138390 138391 138392 138393 138394 138395 138396 138397 138398 138399 138400
138400 138401 138402 138403 138404 138405 138406 138407 138408 138409 138410 138411 138412 138413 138414 138415 138416 138417 138418 138419 138420 138421 138422 138423 138424 138426 138427 138428 138429 138430 138431 138432 138433 138434 138435 138436 138437 138438 138439 138440 138441 138442 138443 138444 138445 138446 138447 138448 138449 138450 138451 138366 138367 138368 138369 138370 138371 138372 138373 138374 138375 138376 138377 138378 138379 138380 138381 138382 138383 138384 138385 138386 138387 138388 138389 138390 138391 138392 138393 138394 138395 138396 138397 138398 138399
138399 138400 138401 138402 138403 138404 138405 138406 138407 138408 138409 138410 138411 138412 138413 138414 138415 138416 138417 138418 138419 138420 138421 138422 138423 138424 138426 138427 138428 138429 138430 138431 138432 138433 138434 138435 138436 138437 138438 138439 138440 138441 138442 138443 138444 138445 138446 138447 138448 138449 138450 138451 138366 138367 138368 138369 138370 138371 138372 138373 138374 138375 138376 138377 138378 138379 138380 138381 138382 138383 138384 138385 138386 138387 138388 138389 138390 138391 138392 138393 138394 138395 138396 138397 138398
138398 138399 138400 138401 138402 138403 138404 138405 138406 138407 138408 138409 138410 138411 138412 138413 138414 138415 138416 138417 138418 138419 138420 138421 138422 138423 138424 138426 138427 138428 138429 138430 138431 138432 138433 138434 138435 138436 138437 138438 138439 138440 138441 138442 138443 138444 138445 138446 138447 138448 138449 138450 138451 138366 138367 138368 138369 138370 138371 138372 138373 138374 138375 138376 138377 138378 138379 138380 138381 138382 138383 138384 138385 138386 138387 138388 138389 138390 138391 138392 138393 138394 138395 138396 138397
138397 138398 138399 138400 138401 138402 138403 138404 138405 138406 138407 138408 138409 138410 138411 138412 138413 138414 138415 138416 138417 138418 138419 138420 138421 138422 138423 138424 138426 138427 138428 138429 138430 138431 138432 138433 138434 138435 138436 138437 138438 138439 138440 138441 138442 138443 138444 138445 138446 138447 138448 138449 138450 138451 138366 138367 138368 138369 138370 138371 138372 138373 138374 138375 138376 138377 138378 138379 138380 138381 138382 138383 138384 138385 138386 138387 138388 138389 138390 138391 138392 138393 138394 138395 138396
138396 138397 138398 138399 138400 138401 138402 138403 138404 138405 138406 138407 138408 138409 138410 138411 138412 138413 138414 138415 138416 138417 138418 138419 138420 138421 138422 138423 138424 138426 138427 138428 138429 138430 138431 138432 138433 138434 138435 138436 138437 138438 138439 138440 138441 138442 138443 138444 138445 138446 138447 138448 138449 138450 138451 138366 138367 138368 138369 138370 138371 138372 138373 138374 138375 138376 138377 138378 138379 138380 138381 138382 138383 138384 138385 138386 138387 138388 138389 138390 138391 138392 138393 138394 138395
138395 138396 138397 138398 138399 138400 138401 138402 138403 138404 138405 138406 138407 138408 138409 138410 138411 138412 138413 138414 138415 138416 138417 138418 138419 138420 138421 138422 138423 138424 138426 138427 138428 138429 138430 138431 138432 138433 138434 138435 138436 138437 138438 138439 138440 138441 138442 138443 138444 138445 138446 138447 138448 138449 138450 138451 138366 138367 138368 138369 138370 138371 138372 138373 138374 138375 138376 138377 138378 138379 138380 138381 138382 138383 138384 138385 138386 138387 138388 138389 138390 138391 138392 138393 138394
138394 138395 138396 138397 138398 138399 138400 138401 138402 138403 138404 138405 138406 138407 138408 138409 138410 138411 138412 138413 138414 138415 138416 138417 138418 138419 138420 138421 138422 138423 138424 138426 138427 138428 138429 138430 138431 138432 138433 138434 138435 138436 138437 138438 138439 138440 138441 138442 138443 138444 138445 138446 138447 138448 138449 138450 138451 138366 138367 138368 138369 138370 138371 138372 138373 138374 138375 138376 138377 138378 138379 138380 138381 138382 138383 138384 138385 138386 138387 138388 138389 138390 138391 138392 138393
138393 138394 138395 138396 138397 138398 138399 138400 138401 138402 138403 138404 138405 138406 138407 138408 138409 138410 138411 138412 138413 138414 138415 138416 138417 138418 138419 138420 138421 138422 138423 138424 138426 138427 138428 138429 138430 138431 138432 138433 138434 138435 138436 138437 138438 138439 138440 138441 138442 138443 138444 138445 138446 138447 138448 138449 138450 138451 138366 138367 138368 138369 138370 138371 138372 138373 138374 138375 138376 138377 138378 138379 138380 138381 138382 138383 138384 138385 138386 138387 138388 138389 138390 138391 138392
138392 138393 138394 138395 138396 138397 138398 138399 138400 138401 138402 138403 138404 138405 138406 138407 138408 138409 138410 138411 138412 138413 138414 138415 138416 138417 138418 138419 138420 138421 138422 138423 138424 138426 138427 138428 138429 138430 138431 138432 138433 138434 138435 138436 138437 138438 138439 138440 138441 138442 138443 138444 138445 138446 138447 138448 138449 138450 138451 138366 138367 138368 138369 138370 138371 138372 138373 138374 138375 138376 138377 138378 138379 138380 138381 138382 138383 138384 138385 138386 138387 138388 138389 138390 138391
138391 138392 138393 138394 138395 138396 138397 138398 138399 138400 138401 138402 138403 138404 138405 138406 138407 138408 138409 138410 138411 138412 138413 138414 138415 138416 138417 138418 138419 138420 138421 138422 138423 138424 138426 138427 138428 138429 138430 138431 138432 138433 138434 138435 138436 138437 138438 138439 138440 138441 138442 138443 138444 138445 138446 138447 138448 138449 138450 138451 138366 138367 138368 138369 138370 138371 138372 138373 138374 138375 138376 138377 138378 138379 138380 138381 138382 138383 138384 138385 138386 138387 138388 138389 138390
138390 138391 138392 138393 138394 138395 138396 138397 138398 138399 138400 138401 138402 138403 138404 138405 138406 138407 138408 138409 138410 138411 138412 138413 138414 138415 138416 138417 138418 138419 138420 138421 138422 138423 138424 138426 138427 138428 138429 138430 138431 138432 138433 138434 138435 138436 138437 138438 138439 138440 138441 138442 138443 138444 138445 138446 138447 138448 138449 138450 138451 138366 138367 138368 138369 138370 138371 138372 138373 138374 138375 138376 138377 138378 138379 138380 138381 138382 138383 138384 138385 138386 138387 138388 138389
138389 138390 138391 138392 138393 138394 138395 138396 138397 138398 138399 138400 138401 138402 138403 138404 138405 138406 138407 138408 138409 138410 138411 138412 138413 138414 138415 138416 138417 138418 138419 138420 138421 138422 138423 138424 138426 138427 138428 138429 138430 138431 138432 138433 138434 138435 138436 138437 138438 138439 138440 138441 138442 138443 138444 138445 138446 138447 138448 138449 138450 138451 138366 138367 138368 138369 138370 138371 138372 138373 138374 138375 138376 138377 138378 138379 138380 138381 138382 138383 138384 138385 138386 138387 138388
138388 138389 138390 138391 138392 138393 138394 138395 138396 138397 138398 138399 138400 138401 138402 138403 138404 138405 138406 138407 138408 138409 138410 138411 138412 138413 138414 138415 138416 138417 138418 138419 138420 138421 138422 138423 138424 138426 138427 138428 138429 138430 138431 138432 138433 138434 138435 138436 138437 138438 138439 138440 138441 138442 138443 138444 138445 138446 138447 138448 138449 138450 138451 138366 138367 138368 138369 138370 138371 138372 138373 138374 138375 138376 138377 138378 138379 138380 138381 138382 138383 138384 138385 138386 138387
138387 138388 138389 138390 138391 138392 138393 138394 138395 138396 138397 138398 138399 138400 138401 138402 138403 138404 138405 138406 138407 138408 138409 138410 138411 138412 138413 138414 138415 138416 138417 138418 138419 138420 138421 138422 138423 138424 138426 138427 138428 138429 138430 138431 138432 138433 138434 138435 138436 138437 138438 138439 138440 138441 138442 138443 138444 138445 138446 138447 138448 138449 138450 138451 138366 138367 138368 138369 138370 138371 138372 138373 138374 138375 138376 138377 138378 138379 138380 138381 138382 138383 138384 138385 138386
138386 138387 138388 138389 138390 138391 138392 138393 138394 138395 138396 138397 138398 138399 138400 138401 138402 138403 138404 138405 138406 138407 138408 138409 138410 138411 138412 138413 138414 138415 138416 138417 138418 138419 138420 138421 138422 138423 138424 138426 138427 138428 138429 138430 138431 138432 138433 138434 138435 138436 138437 138438 138439 138440 138441 138442 138443 138444 138445 138446 138447 138448 138449 138450 138451 138366 138367 138368 138369 138370 138371 138372 138373 138374 138375 138376 138377 138378 138379 138380 138381 138382 138383 138384 138385
138385 138386 138387 138388 138389 138390 138391 138392 138393 138394 138395 138396 138397 138398 138399 138400 138401 138402 138403 138404 138405 138406 138407 138408 138409 138410 138411 138412 138413 138414 138415 138416 138417 138418 138419 138420 138421 138422 138423 138424 138426 138427 138428 138429 138430 138431 138432 138433 138434 138435 138436 138437 138438 138439 138440 138441 138442 138443 138444 138445 138446 138447 138448 138449 138450 138451 138366 138367 138368 138369 138370 138371 138372 138373 138374 138375 138376 138377 138378 138379 138380 138381 138382 138383 138384
138384 138385 138386 138387 138388 138389 138390 138391 138392 138393 138394 138395 138396 138397 138398 138399 138400 138401 138402 138403 138404 138405 138406 138407 138408 138409 138410 138411 138412 138413 138414 138415 138416 138417 138418 138419 138420 138421 138422 138423 138424 138426 138427 138428 138429 138430 138431 138432 138433 138434 138435 138436 138437 138438 138439 138440 138441 138442 138443 138444 138445 138446 138447 138448 138449 138450 138451 138366 138367 138368 138369 138370 138371 138372 138373 138374 138375 138376 138377 138378 138379 138380 138381 138382 138383
138383 138384 138385 138386 138387 138388 138389 138390 138391 138392 138393 138394 138395 138396 138397 138398 138399 138400 138401 138402 138403 138404 138405 138406 138407 138408 138409 138410 138411 138412 138413 138414 138415 138416 138417 138418 138419 138420 138421 138422 138423 138424 138426 138427 138428 138429 138430 138431 138432 138433 138434 138435 138436 138437 138438 138439 138440 138441 138442 138443 138444 138445 138446 138447 138448 138449 138450 138451 138366 138367 138368 138369 138370 138371 138372 138373 138374 138375 138376 138377 138378 138379 138380 138381 138382
138382 138383 138384 138385 138386 138387 138388 138389 138390 138391 138392 138393 138394 138395 138396 138397 138398 138399 138400 138401 138402 138403 138404 138405 138406 138407 138408 138409 138410 138411 138412 138413 138414 138415 138416 138417 138418 138419 138420 138421 138422 138423 138424 138426 138427 138428 138429 138430 138431 138432 138433 138434 138435 138436 138437 138438 138439 138440 138441 138442 138443 138444 138445 138446 138447 138448 138449 138450 138451 138366 138367 138368 138369 138370 138371 138372 138373 138374 138375 138376 138377 138378 138379 138380 138381
138381 138382 138383 138384 138385 138386 138387 138388 138389 138390 138391 138392 138393 138394 138395 138396 138397 138398 138399 138400 138401 138402 138403 138404 138405 138406 138407 138408 138409 138410 138411 138412 138413 138414 138415 138416 138417 138418 138419 138420 138421 138422 138423 138424 138426 138427 138428 138429 138430 138431 138432 138433 138434 138435 138436 138437 138438 138439 138440 138441 138442 138443 138444 138445 138446 138447 138448 138449 138450 138451 138366 138367 138368 138369 138370 138371 138372 138373 138374 138375 138376 138377 138378 138379 138380
138380 138381 138382 138383 138384 138385 138386 138387 138388 138389 138390 138391 138392 138393 138394 138395 138396 138397 138398 138399 138400 138401 138402 138403 138404 138405 138406 138407 138408 138409 138410 138411 138412 138413 138414 138415 138416 138417 138418 138419 138420 138421 138422 138423 138424 138426 138427 138428 138429 138430 138431 138432 138433 138434 138435 138436 138437 138438 138439 138440 138441 138442 138443 138444 138445 138446 138447 138448 138449 138450 138451 138366 138367 138368 138369 138370 138371 138372 138373 138374 138375 138376 138377 138378 138379
138379 138380 138381 138382 138383 138384 138385 138386 138387 138388 138389 138390 138391 138392 138393 138394 138395 138396 138397 138398 138399 138400 138401 138402 138403 138404 138405 138406 138407 138408 138409 138410 138411 138412 138413 138414 138415 138416 138417 138418 138419 138420 138421 138422 138423 138424 138426 138427 138428 138429 138430 138431 138432 138433 138434 138435 138436 138437 138438 138439 138440 138441 138442 138443 138444 138445 138446 138447 138448 138449 138450 138451 138366 138367 138368 138369 138370 138371 138372 138373 138374 138375 138376 138377 138378
138378 138379 138380 138381 138382 138383 138384 138385 138386 138387 138388 138389 138390 138391 138392 138393 138394 138395 138396 138397 138398 138399 138400 138401 138402 138403 138404 138405 138406 138407 138408 138409 138410 138411 138412 138413 138414 138415 138416 138417 138418 138419 138420 138421 138422 138423 138424 138426 138427 138428 138429 138430 138431 138432 138433 138434 138435 138436 138437 138438 138439 138440 138441 138442 138443 138444 138445 138446 138447 138448 138449 138450 138451 138366 138367 138368 138369 138370 138371 138372 138373 138374 138375 138376 138377
138377 138378 138379 138380 138381 138382 138383 138384 138385 138386 138387 138388 138389 138390 138391 138392 138393 138394 138395 138396 138397 138398 138399 138400 138401 138402 138403 138404 138405 138406 138407 138408 138409 138410 138411 138412 138413 138414 138415 138416 138417 138418 138419 138420 138421 138422 138423 138424 138425 138427 138428 138429 138430 138431 138432 138433 138434 138435 138436 138437 138438 138439 138440 138441 138442 138443 138444 138445 138446 138447 138448 138449 138450 138451 138366 138367 138368 138369 138370 138371 138372 138373 138374 138375 138376
138376 138377 138378 138379 138380 138381 138382 138383 138384 138385 138386 138387 138388 138389 138390 138391 138392 138393 138394 138395 138396 138397 138398 138399 138400 138401 138402 138403 138404 138405 138406 138407 138408 138409 138410 138411 138412 138413 138414 138415 138416 138417 138418 138419 138420 138421 138422 138423 138424 138425 138427 138428 138429 138430 138431 138432 138433 138434 138435 138436 138437 138438 138439 138440 138441 138442 138443 138444 138445 138446 138447 138448 138449 138450 138451 138366 138367 138368 138369 138370 138371 138372 138373 138374 138375
138375 138376 138377 138378 138379 138380 138381 138382 138383 138384 138385 138386 138387 138388 138389 138390 138391 138392 138393 138394 138395 138396 138397 138398 138399 138400 138401 138402 138403 138404 138405 138406 138407 138408 138409 138410 138411 138412 138413 138414 138415 138416 138417 138418 138419 138420 138421 138422 138423 138424 138425 138427 138428 138429 138430 138431 138432 138433 138434 138435 138436 138437 138438 138439 138440 138441 138442 138443 138444 138445 138446 138447 138448 138449 138450 138451 138366 138367 138368 138369 138370 138371 138372 138373 138374
138374 138375 138376 138377 138378 138379 138380 138381 138382 138383 138384 138385 138386 138387 138388 138389 138390 138391 138392 138393 138394 138395 138396 138397 138398 138399 138400 138401 138402 138403 138404 138405 138406 138407 138408 138409 138410 138411 138412 138413 138414 138415 138416 138417 138418 138419 138420 138421 138422 138423 138424 138425 138427 138428 138429 138430 138431 138432 138433 138434 138435 138436 138437 138438 138439 138440 138441 138442 138443 138444 138445 138446 138447 138448 138449 138450 138451 138366 138367 138368 138369 138370 138371 138372 138373
138373 138374 138375 138376 138377 138378 138379 138380 138381 138382 138383 138384 138385 138386 138387 138388 138389 138390 138391 138392 138393 138394 138395 138396 138397 138398 138399 138400 138401 138402 138403 138404 138405 138406 138407 138408 138409 138410 138411 138412 138413 138414 138415 138416 138417 138418 138419 138420 138421 138422 138423 138424 138425 138427 138428 138429 138430 138431 138432 138433 138434 138435 138436 138437 138438 138439 138440 138441 138442 138443 138444 138445 138446 138447 138448 138449 138450 138451 138366 138367 138368 138369 138370 138371 138372
138372 138373 138374 138375 138376 138377 138378 138379 138380 138381 138382 138383 138384 138385 138386 138387 138388 138389 138390 138391 138392 138393 138394 138395 138396 138397 138398 138399 138400 138401 138402 138403 138404 138405 138406 138407 138408 138409 138410 138411 138412 138413 138414 138415 138416 138417 138418 138419 138420 138421 138422 138423 138424 138425 138427 138428 138429 138430 138431 138432 138433 138434 138435 138436 138437 138438 138439 138440 138441 138442 138443 138444 138445 138446 138447 138448 138449 138450 138451 138366 138367 138368 138369 138370 138371
138371 138372 138373 138374 138375 138376 138377 138378 138379 138380 138381 138382 138383 138384 138385 138386 138387 138388 138389 138390 138391 138392 138393 138394 138395 138396 138397 138398 138399 138400 138401 138402 138403 138404 138405 138406 138407 138408 138409 138410 138411 138412 138413 138414 138415 138416 138417 138418 138419 138420 138421 138422 138423 138424 138425 138427 138428 138429 138430 138431 138432 138433 138434 138435 138436 138437 138438 138439 138440 138441 138442 138443 138444 138445 138446 138447 138448 138449 138450 138451 138366 138367 138368 138369 138370
138370 138371 138372 138373 138374 138375 138376 138377 138378 138379 138380 138381 138382 138383 138384 138385 138386 138387 138388 138389 138390 138391 138392 138393 138394 138395 138396 138397 138398 138399 138400 138401 138402 138403 138404 138405 138406 138407 138408 138409 138410 138411 138412 138413 138414 138415 138416 138417 138418 138419 138420 138421 138422 138423 138424 138425 138427 138428 138429 138430 138431 138432 138433 138434 138435 138436 138437 138438 138439 138440 138441 138442 138443 138444 138445 138446 138447 138448 138449 138450 138451 138366 138367 138368 138369
138369 138370 138371 138372 138373 138374 138375 138376 138377 138378 138379 138380 138381 138382 138383 138384 138385 138386 138387 138388 138389 138390 138391 138392 138393 138394 138395 138396 138397 138398 138399 138400 138401 138402 138403 138404 138405 138406 138407 138408 138409 138410 138411 138412 138413 138414 138415 138416 138417 138418 138419 138420 138421 138422 138423 138424 138425 138427 138428 138429 138430 138431 138432 138433 138434 138435 138436 138437 138438 138439 138440 138441 138442 138443 138444 138445 138446 138447 138448 138449 138450 138451 138366 138367 138368
138368 138369 138370 138371 138372 138373 138374 138375 138376 138377 138378 138379 138380 138381 138382 138383 138384 138385 138386 138387 138388 138389 138390 138391 138392 138393 138394 138395 138396 138397 138398 138399 138400 138401 138402 138403 138404 138405 138406 138407 138408 138409 138410 138411 138412 138413 138414 138415 138416 138417 138418 138419 138420 138421 138422 138423 138424 138425 138427 138428 138429 138430 138431 138432 138433 138434 138435 138436 138437 138438 138439 138440 138441 138442 138443 138444 138445 138446 138447 138448 138449 138450 138451 138366 138367
138367 138368 138369 138370 138371 138372 138373 138374 138375 138376 138377 138378 138379 138380 138381 138382 138383 138384 138385 138386 138387 138388 138389 138390 138391 138392 138393 138394 138395 138396 138397 138398 138399 138400 138401 138402 138403 138404 138405 138406 138407 138408 138409 138410 138411 138412 138413 138414 138415 138416 138417 138418 138419 138420 138421 138422 138423 138424 138425 138427 138428 138429 138430 138431 138432 138433 138434 138435 138436 138437 138438 138439 138440 138441 138442 138443 138444 138445 138446 138447 138448 138449 138450 138451 138366