118061 118062 118063 118064 118065 118066 118067 118068 118069 118070 118071 118072 118073 118074 118075 118076 118077 118078 118079 118080 118081 118082 118083 118084 118085 118086 118087 118088 118089 118090 118091 118092 118093 118094 118095 118096 118097 118098 118099 118100 118101 118102 118103 118104 118105 118106 118107 118108 118109 118110 118111 118112 118113 118114 118115 118116 118117 118118 118119 118120 118121 118122 118123 118124 118125 118126 118127 118128 118129 118130 118131 118133 118134 118135 118136 118137 118138 118139 118140 118141 118142 118143 118144 118145 118146
118146 118061 118062 118063 118064 118065 118066 118067 118068 118069 118070 118071 118072 118073 118074 118075 118076 118077 118078 118079 118080 118081 118082 118083 118084 118085 118086 118087 118088 118089 118090 118091 118092 118093 118094 118095 118096 118097 118098 118099 118100 118101 118102 118103 118104 118105 118106 118107 118108 118109 118110 118111 118112 118113 118114 118115 118116 118117 118118 118119 118120 118121 118122 118123 118124 118125 118126 118127 118128 118129 118130 118131 118133 118134 118135 118136 118137 118138 118139 118140 118141 118142 118143 118144 118145
118145 118146 118061 118062 118063 118064 118065 118066 118067 118068 118069 118070 118071 118072 118073 118074 118075 118076 118077 118078 118079 118080 118081 118082 118083 118084 118085 118086 118087 118088 118089 118090 118091 118092 118093 118094 118095 118096 118097 118098 118099 118100 118101 118102 118103 118104 118105 118106 118107 118108 118109 118110 118111 118112 118113 118114 118115 118116 118117 118118 118119 118120 118121 118122 118123 118124 118125 118126 118127 118128 118129 118130 118131 118133 118134 118135 118136 118137 118138 118139 118140 118141 118142 118143 118144
118144 118145 118146 118061 118062 118063 118064 118065 118066 118067 118068 118069 118070 118071 118072 118073 118074 118075 118076 118077 118078 118079 118080 118081 118082 118083 118084 118085 118086 118087 118088 118089 118090 118091 118092 118093 118094 118095 118096 118097 118098 118099 118100 118101 118102 118103 118104 118105 118106 118107 118108 118109 118110 118111 118112 118113 118114 118115 118116 118117 118118 118119 118120 118121 118122 118123 118124 118125 118126 118127 118128 118129 118130 118131 118133 118134 118135 118136 118137 118138 118139 118140 118141 118142 118143
118143 118144 118145 118146 118061 118062 118063 118064 118065 118066 118067 118068 118069 118070 118071 118072 118073 118074 118075 118076 118077 118078 118079 118080 118081 118082 118083 118084 118085 118086 118087 118088 118089 118090 118091 118092 118093 118094 118095 118096 118097 118098 118099 118100 118101 118102 118103 118104 118105 118106 118107 118108 118109 118110 118111 118112 118113 118114 118115 118116 118117 118118 118119 118120 118121 118122 118123 118124 118125 118126 118127 118128 118129 118130 118131 118133 118134 118135 118136 118137 118138 118139 118140 118141 118142
118142 118143 118144 118145 118146 118061 118062 118063 118064 118065 118066 118067 118068 118069 118070 118071 118072 118073 118074 118075 118076 118077 118078 118079 118080 118081 118082 118083 118084 118085 118086 118087 118088 118089 118090 118091 118092 118093 118094 118095 118096 118097 118098 118099 118100 118101 118102 118103 118104 118105 118106 118107 118108 118109 118110 118111 118112 118113 118114 118115 118116 118117 118118 118119 118120 118121 118122 118123 118124 118125 118126 118127 118128 118129 118130 118131 118133 118134 118135 118136 118137 118138 118139 118140 118141
118141 118142 118143 118144 118145 118146 118061 118062 118063 118064 118065 118066 118067 118068 118069 118070 118071 118072 118073 118074 118075 118076 118077 118078 118079 118080 118081 118082 118083 118084 118085 118086 118087 118088 118089 118090 118091 118092 118093 118094 118095 118096 118097 118098 118099 118100 118101 118102 118103 118104 118105 118106 118107 118108 118109 118110 118111 118112 118113 118114 118115 118116 118117 118118 118119 118120 118121 118122 118123 118124 118125 118126 118127 118128 118129 118130 118131 118133 118134 118135 118136 118137 118138 118139 118140
118140 118141 118142 118143 118144 118145 118146 118061 118062 118063 118064 118065 118066 118067 118068 118069 118070 118071 118072 118073 118074 118075 118076 118077 118078 118079 118080 118081 118082 118083 118084 118085 118086 118087 118088 118089 118090 118091 118092 118093 118094 118095 118096 118097 118098 118099 118100 118101 118102 118103 118104 118105 118106 118107 118108 118109 118110 118111 118112 118113 118114 118115 118116 118117 118118 118119 118120 118121 118122 118123 118124 118125 118126 118127 118128 118129 118130 118131 118133 118134 118135 118136 118137 118138 118139
118139 118140 118141 118142 118143 118144 118145 118146 118061 118062 118063 118064 118065 118066 118067 118068 118069 118070 118071 118072 118073 118074 118075 118076 118077 118078 118079 118080 118081 118082 118083 118084 118085 118086 118087 118088 118089 118090 118091 118092 118093 118094 118095 118096 118097 118098 118099 118100 118101 118102 118103 118104 118105 118106 118107 118108 118109 118110 118111 118112 118113 118114 118115 118116 118117 118118 118119 118120 118121 118122 118123 118124 118125 118126 118127 118128 118129 118130 118131 118133 118134 118135 118136 118137 118138
118138 118139 118140 118141 118142 118143 118144 118145 118146 118061 118062 118063 118064 118065 118066 118067 118068 118069 118070 118071 118072 118073 118074 118075 118076 118077 118078 118079 118080 118081 118082 118083 118084 118085 118086 118087 118088 118089 118090 118091 118092 118093 118094 118095 118096 118097 118098 118099 118100 118101 118102 118103 118104 118105 118106 118107 118108 118109 118110 118111 118112 118113 118114 118115 118116 118117 118118 118119 118120 118121 118122 118123 118124 118125 118126 118127 118128 118129 118130 118131 118133 118134 118135 118136 118137
118137 118138 118139 118140 118141 118142 118143 118144 118145 118146 118061 118062 118063 118064 118065 118066 118067 118068 118069 118070 118071 118072 118073 118074 118075 118076 118077 118078 118079 118080 118081 118082 118083 118084 118085 118086 118087 118088 118089 118090 118091 118092 118093 118094 118095 118096 118097 118098 118099 118100 118101 118102 118103 118104 118105 118106 118107 118108 118109 118110 118111 118112 118113 118114 118115 118116 118117 118118 118119 118120 118121 118122 118123 118124 118125 118126 118127 118128 118129 118130 118131 118133 118134 118135 118136
118136 118137 118138 118139 118140 118141 118142 118143 118144 118145 118146 118061 118062 118063 118064 118065 118066 118067 118068 118069 118070 118071 118072 118073 118074 118075 118076 118077 118078 118079 118080 118081 118082 118083 118084 118085 118086 118087 118088 118089 118090 118091 118092 118093 118094 118095 118096 118097 118098 118099 118100 118101 118102 118103 118104 118105 118106 118107 118108 118109 118110 118111 118112 118113 118114 118115 118116 118117 118118 118119 118120 118121 118122 118123 118124 118125 118126 118127 118128 118129 118130 118131 118133 118134 118135
118135 118136 118137 118138 118139 118140 118141 118142 118143 118144 118145 118146 118061 118062 118063 118064 118065 118066 118067 118068 118069 118070 118071 118072 118073 118074 118075 118076 118077 118078 118079 118080 118081 118082 118083 118084 118085 118086 118087 118088 118089 118090 118091 118092 118093 118094 118095 118096 118097 118098 118099 118100 118101 118102 118103 118104 118105 118106 118107 118108 118109 118110 118111 118112 118113 118114 118115 118116 118117 118118 118119 118120 118121 118122 118123 118124 118125 118126 118127 118128 118129 118130 118131 118133 118134
118134 118135 118136 118137 118138 118139 118140 118141 118142 118143 118144 118145 118146 118061 118062 118063 118064 118065 118066 118067 118068 118069 118070 118071 118072 118073 118074 118075 118076 118077 118078 118079 118080 118081 118082 118083 118084 118085 118086 118087 118088 118089 118090 118091 118092 118093 118094 118095 118096 118097 118098 118099 118100 118101 118102 118103 118104 118105 118106 118107 118108 118109 118110 118111 118112 118113 118114 118115 118116 118117 118118 118119 118120 118121 118122 118123 118124 118125 118126 118127 118128 118129 118130 118131 118133
118133 118134 118135 118136 118137 118138 118139 118140 118141 118142 118143 118144 118145 118146 118061 118062 118063 118064 118065 118066 118067 118068 118069 118070 118071 118072 118073 118074 118075 118076 118077 118078 118079 118080 118081 118082 118083 118084 118085 118086 118087 118088 118089 118090 118091 118092 118093 118094 118095 118096 118097 118098 118099 118100 118101 118102 118103 118104 118105 118106 118107 118108 118109 118110 118111 118112 118113 118114 118115 118116 118117 118118 118119 118120 118121 118122 118123 118124 118125 118126 118127 118128 118129 118130 118131
118131 118133 118134 118135 118136 118137 118138 118139 118140 118141 118142 118143 118144 118145 118146 118061 118062 118063 118064 118065 118066 118067 118068 118069 118070 118071 118072 118073 118074 118075 118076 118077 118078 118079 118080 118081 118082 118083 118084 118085 118086 118087 118088 118089 118090 118091 118092 118093 118094 118095 118096 118097 118098 118099 118100 118101 118102 118103 118104 118105 118106 118107 118108 118109 118110 118111 118112 118113 118114 118115 118116 118117 118118 118119 118120 118121 118122 118123 118124 118125 118126 118127 118128 118129 118130
118130 118131 118133 118134 118135 118136 118137 118138 118139 118140 118141 118142 118143 118144 118145 118146 118061 118062 118063 118064 118065 118066 118067 118068 118069 118070 118071 118072 118073 118074 118075 118076 118077 118078 118079 118080 118081 118082 118083 118084 118085 118086 118087 118088 118089 118090 118091 118092 118093 118094 118095 118096 118097 118098 118099 118100 118101 118102 118103 118104 118105 118106 118107 118108 118109 118110 118111 118112 118113 118114 118115 118116 118117 118118 118119 118120 118121 118122 118123 118124 118125 118126 118127 118128 118129
118129 118130 118131 118133 118134 118135 118136 118137 118138 118139 118140 118141 118142 118143 118144 118145 118146 118061 118062 118063 118064 118065 118066 118067 118068 118069 118070 118071 118072 118073 118074 118075 118076 118077 118078 118079 118080 118081 118082 118083 118084 118085 118086 118087 118088 118089 118090 118091 118092 118093 118094 118095 118096 118097 118098 118099 118100 118101 118102 118103 118104 118105 118106 118107 118108 118109 118110 118111 118112 118113 118114 118115 118116 118117 118118 118119 118120 118121 118122 118123 118124 118125 118126 118127 118128
118128 118129 118130 118131 118133 118134 118135 118136 118137 118138 118139 118140 118141 118142 118143 118144 118145 118146 118061 118062 118063 118064 118065 118066 118067 118068 118069 118070 118071 118072 118073 118074 118075 118076 118077 118078 118079 118080 118081 118082 118083 118084 118085 118086 118087 118088 118089 118090 118091 118092 118093 118094 118095 118096 118097 118098 118099 118100 118101 118102 118103 118104 118105 118106 118107 118108 118109 118110 118111 118112 118113 118114 118115 118116 118117 118118 118119 118120 118121 118122 118123 118124 118125 118126 118127
118127 118128 118129 118130 118131 118133 118134 118135 118136 118137 118138 118139 118140 118141 118142 118143 118144 118145 118146 118061 118062 118063 118064 118065 118066 118067 118068 118069 118070 118071 118072 118073 118074 118075 118076 118077 118078 118079 118080 118081 118082 118083 118084 118085 118086 118087 118088 118089 118090 118091 118092 118093 118094 118095 118096 118097 118098 118099 118100 118101 118102 118103 118104 118105 118106 118107 118108 118109 118110 118111 118112 118113 118114 118115 118116 118117 118118 118119 118120 118121 118122 118123 118124 118125 118126
118126 118127 118128 118129 118130 118131 118133 118134 118135 118136 118137 118138 118139 118140 118141 118142 118143 118144 118145 118146 118061 118062 118063 118064 118065 118066 118067 118068 118069 118070 118071 118072 118073 118074 118075 118076 118077 118078 118079 118080 118081 118082 118083 118084 118085 118086 118087 118088 118089 118090 118091 118092 118093 118094 118095 118096 118097 118098 118099 118100 118101 118102 118103 118104 118105 118106 118107 118108 118109 118110 118111 118112 118113 118114 118115 118116 118117 118118 118119 118120 118121 118122 118123 118124 118125
118125 118126 118127 118128 118129 118130 118131 118133 118134 118135 118136 118137 118138 118139 118140 118141 118142 118143 118144 118145 118146 118061 118062 118063 118064 118065 118066 118067 118068 118069 118070 118071 118072 118073 118074 118075 118076 118077 118078 118079 118080 118081 118082 118083 118084 118085 118086 118087 118088 118089 118090 118091 118092 118093 118094 118095 118096 118097 118098 118099 118100 118101 118102 118103 118104 118105 118106 118107 118108 118109 118110 118111 118112 118113 118114 118115 118116 118117 118118 118119 118120 118121 118122 118123 118124
118124 118125 118126 118127 118128 118129 118130 118131 118133 118134 118135 118136 118137 118138 118139 118140 118141 118142 118143 118144 118145 118146 118061 118062 118063 118064 118065 118066 118067 118068 118069 118070 118071 118072 118073 118074 118075 118076 118077 118078 118079 118080 118081 118082 118083 118084 118085 118086 118087 118088 118089 118090 118091 118092 118093 118094 118095 118096 118097 118098 118099 118100 118101 118102 118103 118104 118105 118106 118107 118108 118109 118110 118111 118112 118113 118114 118115 118116 118117 118118 118119 118120 118121 118122 118123
118123 118124 118125 118126 118127 118128 118129 118130 118131 118133 118134 118135 118136 118137 118138 118139 118140 118141 118142 118143 118144 118145 118146 118061 118062 118063 118064 118065 118066 118067 118068 118069 118070 118071 118072 118073 118074 118075 118076 118077 118078 118079 118080 118081 118082 118083 118084 118085 118086 118087 118088 118089 118090 118091 118092 118093 118094 118095 118096 118097 118098 118099 118100 118101 118102 118103 118104 118105 118106 118107 118108 118109 118110 118111 118112 118113 118114 118115 118116 118117 118118 118119 118120 118121 118122
118122 118123 118124 118125 118126 118127 118128 118129 118130 118131 118133 118134 118135 118136 118137 118138 118139 118140 118141 118142 118143 118144 118145 118146 118061 118062 118063 118064 118065 118066 118067 118068 118069 118070 118071 118072 118073 118074 118075 118076 118077 118078 118079 118080 118081 118082 118083 118084 118085 118086 118087 118088 118089 118090 118091 118092 118093 118094 118095 118096 118097 118098 118099 118100 118101 118102 118103 118104 118105 118106 118107 118108 118109 118110 118111 118112 118113 118114 118115 118116 118117 118118 118119 118120 118121
118121 118122 118123 118124 118125 118126 118127 118128 118129 118130 118131 118133 118134 118135 118136 118137 118138 118139 118140 118141 118142 118143 118144 118145 118146 118061 118062 118063 118064 118065 118066 118067 118068 118069 118070 118071 118072 118073 118074 118075 118076 118077 118078 118079 118080 118081 118082 118083 118084 118085 118086 118087 118088 118089 118090 118091 118092 118093 118094 118095 118096 118097 118098 118099 118100 118101 118102 118103 118104 118105 118106 118107 118108 118109 118110 118111 118112 118113 118114 118115 118116 118117 118118 118119 118120
118120 118121 118122 118123 118124 118125 118126 118127 118128 118129 118130 118131 118133 118134 118135 118136 118137 118138 118139 118140 118141 118142 118143 118144 118145 118146 118061 118062 118063 118064 118065 118066 118067 118068 118069 118070 118071 118072 118073 118074 118075 118076 118077 118078 118079 118080 118081 118082 118083 118084 118085 118086 118087 118088 118089 118090 118091 118092 118093 118094 118095 118096 118097 118098 118099 118100 118101 118102 118103 118104 118105 118106 118107 118108 118109 118110 118111 118112 118113 118114 118115 118116 118117 118118 118119
118119 118120 118121 118122 118123 118124 118125 118126 118127 118128 118129 118130 118131 118133 118134 118135 118136 118137 118138 118139 118140 118141 118142 118143 118144 118145 118146 118061 118062 118063 118064 118065 118066 118067 118068 118069 118070 118071 118072 118073 118074 118075 118076 118077 118078 118079 118080 118081 118082 118083 118084 118085 118086 118087 118088 118089 118090 118091 118092 118093 118094 118095 118096 118097 118098 118099 118100 118101 118102 118103 118104 118105 118106 118107 118108 118109 118110 118111 118112 118113 118114 118115 118116 118117 118118
118118 118119 118120 118121 118122 118123 118124 118125 118126 118127 118128 118129 118130 118131 118133 118134 118135 118136 118137 118138 118139 118140 118141 118142 118143 118144 118145 118146 118061 118062 118063 118064 118065 118066 118067 118068 118069 118070 118071 118072 118073 118074 118075 118076 118077 118078 118079 118080 118081 118082 118083 118084 118085 118086 118087 118088 118089 118090 118091 118092 118093 118094 118095 118096 118097 118098 118099 118100 118101 118102 118103 118104 118105 118106 118107 118108 118109 118110 118111 118112 118113 118114 118115 118116 118117
118117 118118 118119 118120 118121 118122 118123 118124 118125 118126 118127 118128 118129 118130 118131 118133 118134 118135 118136 118137 118138 118139 118140 118141 118142 118143 118144 118145 118146 118061 118062 118063 118064 118065 118066 118067 118068 118069 118070 118071 118072 118073 118074 118075 118076 118077 118078 118079 118080 118081 118082 118083 118084 118085 118086 118087 118088 118089 118090 118091 118092 118093 118094 118095 118096 118097 118098 118099 118100 118101 118102 118103 118104 118105 118106 118107 118108 118109 118110 118111 118112 118113 118114 118115 118116
118116 118117 118118 118119 118120 118121 118122 118123 118124 118125 118126 118127 118128 118129 118130 118131 118133 118134 118135 118136 118137 118138 118139 118140 118141 118142 118143 118144 118145 118146 118061 118062 118063 118064 118065 118066 118067 118068 118069 118070 118071 118072 118073 118074 118075 118076 118077 118078 118079 118080 118081 118082 118083 118084 118085 118086 118087 118088 118089 118090 118091 118092 118093 118094 118095 118096 118097 118098 118099 118100 118101 118102 118103 118104 118105 118106 118107 118108 118109 118110 118111 118112 118113 118114 118115
118115 118116 118117 118118 118119 118120 118121 118122 118123 118124 118125 118126 118127 118128 118129 118130 118131 118133 118134 118135 118136 118137 118138 118139 118140 118141 118142 118143 118144 118145 118146 118061 118062 118063 118064 118065 118066 118067 118068 118069 118070 118071 118072 118073 118074 118075 118076 118077 118078 118079 118080 118081 118082 118083 118084 118085 118086 118087 118088 118089 118090 118091 118092 118093 118094 118095 118096 118097 118098 118099 118100 118101 118102 118103 118104 118105 118106 118107 118108 118109 118110 118111 118112 118113 118114
118114 118115 118116 118117 118118 118119 118120 118121 118122 118123 118124 118125 118126 118127 118128 118129 118130 118131 118133 118134 118135 118136 118137 118138 118139 118140 118141 118142 118143 118144 118145 118146 118061 118062 118063 118064 118065 118066 118067 118068 118069 118070 118071 118072 118073 118074 118075 118076 118077 118078 118079 118080 118081 118082 118083 118084 118085 118086 118087 118088 118089 118090 118091 118092 118093 118094 118095 118096 118097 118098 118099 118100 118101 118102 118103 118104 118105 118106 118107 118108 118109 118110 118111 118112 118113
118113 118114 118115 118116 118117 118118 118119 118120 118121 118122 118123 118124 118125 118126 118127 118128 118129 118130 118131 118133 118134 118135 118136 118137 118138 118139 118140 118141 118142 118143 118144 118145 118146 118061 118062 118063 118064 118065 118066 118067 118068 118069 118070 118071 118072 118073 118074 118075 118076 118077 118078 118079 118080 118081 118082 118083 118084 118085 118086 118087 118088 118089 118090 118091 118092 118093 118094 118095 118096 118097 118098 118099 118100 118101 118102 118103 118104 118105 118106 118107 118108 118109 118110 118111 118112
118112 118113 118114 118115 118116 118117 118118 118119 118120 118121 118122 118123 118124 118125 118126 118127 118128 118129 118130 118131 118133 118134 118135 118136 118137 118138 118139 118140 118141 118142 118143 118144 118145 118146 118061 118062 118063 118064 118065 118066 118067 118068 118069 118070 118071 118072 118073 118074 118075 118076 118077 118078 118079 118080 118081 118082 118083 118084 118085 118086 118087 118088 118089 118090 118091 118092 118093 118094 118095 118096 118097 118098 118099 118100 118101 118102 118103 118104 118105 118106 118107 118108 118109 118110 118111
118111 118112 118113 118114 118115 118116 118117 118118 118119 118120 118121 118122 118123 118124 118125 118126 118127 118128 118129 118130 118131 118133 118134 118135 118136 118137 118138 118139 118140 118141 118142 118143 118144 118145 118146 118061 118062 118063 118064 118065 118066 118067 118068 118069 118070 118071 118072 118073 118074 118075 118076 118077 118078 118079 118080 118081 118082 118083 118084 118085 118086 118087 118088 118089 118090 118091 118092 118093 118094 118095 118096 118097 118098 118099 118100 118101 118102 118103 118104 118105 118106 118107 118108 118109 118110
118110 118111 118112 118113 118114 118115 118116 118117 118118 118119 118120 118121 118122 118123 118124 118125 118126 118127 118128 118129 118130 118131 118133 118134 118135 118136 118137 118138 118139 118140 118141 118142 118143 118144 118145 118146 118061 118062 118063 118064 118065 118066 118067 118068 118069 118070 118071 118072 118073 118074 118075 118076 118077 118078 118079 118080 118081 118082 118083 118084 118085 118086 118087 118088 118089 118090 118091 118092 118093 118094 118095 118096 118097 118098 118099 118100 118101 118102 118103 118104 118105 118106 118107 118108 118109
118109 118110 118111 118112 118113 118114 118115 118116 118117 118118 118119 118120 118121 118122 118123 118124 118125 118126 118127 118128 118129 118130 118131 118133 118134 118135 118136 118137 118138 118139 118140 118141 118142 118143 118144 118145 118146 118061 118062 118063 118064 118065 118066 118067 118068 118069 118070 118071 118072 118073 118074 118075 118076 118077 118078 118079 118080 118081 118082 118083 118084 118085 118086 118087 118088 118089 118090 118091 118092 118093 118094 118095 118096 118097 118098 118099 118100 118101 118102 118103 118104 118105 118106 118107 118108
118108 118109 118110 118111 118112 118113 118114 118115 118116 118117 118118 118119 118120 118121 118122 118123 118124 118125 118126 118127 118128 118129 118130 118131 118133 118134 118135 118136 118137 118138 118139 118140 118141 118142 118143 118144 118145 118146 118061 118062 118063 118064 118065 118066 118067 118068 118069 118070 118071 118072 118073 118074 118075 118076 118077 118078 118079 118080 118081 118082 118083 118084 118085 118086 118087 118088 118089 118090 118091 118092 118093 118094 118095 118096 118097 118098 118099 118100 118101 118102 118103 118104 118105 118106 118107
118107 118108 118109 118110 118111 118112 118113 118114 118115 118116 118117 118118 118119 118120 118121 118122 118123 118124 118125 118126 118127 118128 118129 118130 118131 118133 118134 118135 118136 118137 118138 118139 118140 118141 118142 118143 118144 118145 118146 118061 118062 118063 118064 118065 118066 118067 118068 118069 118070 118071 118072 118073 118074 118075 118076 118077 118078 118079 118080 118081 118082 118083 118084 118085 118086 118087 118088 118089 118090 118091 118092 118093 118094 118095 118096 118097 118098 118099 118100 118101 118102 118103 118104 118105 118106
118106 118107 118108 118109 118110 118111 118112 118113 118114 118115 118116 118117 118118 118119 118120 118121 118122 118123 118124 118125 118126 118127 118128 118129 118130 118131 118133 118134 118135 118136 118137 118138 118139 118140 118141 118142 118143 118144 118145 118146 118061 118062 118063 118064 118065 118066 118067 118068 118069 118070 118071 118072 118073 118074 118075 118076 118077 118078 118079 118080 118081 118082 118083 118084 118085 118086 118087 118088 118089 118090 118091 118092 118093 118094 118095 118096 118097 118098 118099 118100 118101 118102 118103 118104 118105
118105 118106 118107 118108 118109 118110 118111 118112 118113 118114 118115 118116 118117 118118 118119 118120 118121 118122 118123 118124 118125 118126 118127 118128 118129 118130 118131 118133 118134 118135 118136 118137 118138 118139 118140 118141 118142 118143 118144 118145 118146 118061 118062 118063 118064 118065 118066 118067 118068 118069 118070 118071 118072 118073 118074 118075 118076 118077 118078 118079 118080 118081 118082 118083 118084 118085 118086 118087 118088 118089 118090 118091 118092 118093 118094 118095 118096 118097 118098 118099 118100 118101 118102 118103 118104
118104 118105 118106 118107 118108 118109 118110 118111 118112 118113 118114 118115 118116 118117 118118 118119 118120 118121 118122 118123 118124 118125 118126 118127 118128 118129 118130 118131 118133 118134 118135 118136 118137 118138 118139 118140 118141 118142 118143 118144 118145 118146 118061 118062 118063 118064 118065 118066 118067 118068 118069 118070 118071 118072 118073 118074 118075 118076 118077 118078 118079 118080 118081 118082 118083 118084 118085 118086 118087 118088 118089 118090 118091 118092 118093 118094 118095 118096 118097 118098 118099 118100 118101 118102 118103
118103 118104 118105 118106 118107 118108 118109 118110 118111 118112 118113 118114 118115 118116 118117 118118 118119 118120 118121 118122 118123 118124 118125 118126 118127 118128 118129 118130 118131 118133 118134 118135 118136 118137 118138 118139 118140 118141 118142 118143 118144 118145 118146 118061 118062 118063 118064 118065 118066 118067 118068 118069 118070 118071 118072 118073 118074 118075 118076 118077 118078 118079 118080 118081 118082 118083 118084 118085 118086 118087 118088 118089 118090 118091 118092 118093 118094 118095 118096 118097 118098 118099 118100 118101 118102
118102 118103 118104 118105 118106 118107 118108 118109 118110 118111 118112 118113 118114 118115 118116 118117 118118 118119 118120 118121 118122 118123 118124 118125 118126 118127 118128 118129 118130 118131 118133 118134 118135 118136 118137 118138 118139 118140 118141 118142 118143 118144 118145 118146 118061 118062 118063 118064 118065 118066 118067 118068 118069 118070 118071 118072 118073 118074 118075 118076 118077 118078 118079 118080 118081 118082 118083 118084 118085 118086 118087 118088 118089 118090 118091 118092 118093 118094 118095 118096 118097 118098 118099 118100 118101
118101 118102 118103 118104 118105 118106 118107 118108 118109 118110 118111 118112 118113 118114 118115 118116 118117 118118 118119 118120 118121 118122 118123 118124 118125 118126 118127 118128 118129 118130 118131 118133 118134 118135 118136 118137 118138 118139 118140 118141 118142 118143 118144 118145 118146 118061 118062 118063 118064 118065 118066 118067 118068 118069 118070 118071 118072 118073 118074 118075 118076 118077 118078 118079 118080 118081 118082 118083 118084 118085 118086 118087 118088 118089 118090 118091 118092 118093 118094 118095 118096 118097 118098 118099 118100
118100 118101 118102 118103 118104 118105 118106 118107 118108 118109 118110 118111 118112 118113 118114 118115 118116 118117 118118 118119 118120 118121 118122 118123 118124 118125 118126 118127 118128 118129 118130 118131 118133 118134 118135 118136 118137 118138 118139 118140 118141 118142 118143 118144 118145 118146 118061 118062 118063 118064 118065 118066 118067 118068 118069 118070 118071 118072 118073 118074 118075 118076 118077 118078 118079 118080 118081 118082 118083 118084 118085 118086 118087 118088 118089 118090 118091 118092 118093 118094 118095 118096 118097 118098 118099
118099 118100 118101 118102 118103 118104 118105 118106 118107 118108 118109 118110 118111 118112 118113 118114 118115 118116 118117 118118 118119 118120 118121 118122 118123 118124 118125 118126 118127 118128 118129 118130 118131 118133 118134 118135 118136 118137 118138 118139 118140 118141 118142 118143 118144 118145 118146 118061 118062 118063 118064 118065 118066 118067 118068 118069 118070 118071 118072 118073 118074 118075 118076 118077 118078 118079 118080 118081 118082 118083 118084 118085 118086 118087 118088 118089 118090 118091 118092 118093 118094 118095 118096 118097 118098
118098 118099 118100 118101 118102 118103 118104 118105 118106 118107 118108 118109 118110 118111 118112 118113 118114 118115 118116 118117 118118 118119 118120 118121 118122 118123 118124 118125 118126 118127 118128 118129 118130 118131 118133 118134 118135 118136 118137 118138 118139 118140 118141 118142 118143 118144 118145 118146 118061 118062 118063 118064 118065 118066 118067 118068 118069 118070 118071 118072 118073 118074 118075 118076 118077 118078 118079 118080 118081 118082 118083 118084 118085 118086 118087 118088 118089 118090 118091 118092 118093 118094 118095 118096 118097
118097 118098 118099 118100 118101 118102 118103 118104 118105 118106 118107 118108 118109 118110 118111 118112 118113 118114 118115 118116 118117 118118 118119 118120 118121 118122 118123 118124 118125 118126 118127 118128 118129 118130 118131 118133 118134 118135 118136 118137 118138 118139 118140 118141 118142 118143 118144 118145 118146 118061 118062 118063 118064 118065 118066 118067 118068 118069 118070 118071 118072 118073 118074 118075 118076 118077 118078 118079 118080 118081 118082 118083 118084 118085 118086 118087 118088 118089 118090 118091 118092 118093 118094 118095 118096
118096 118097 118098 118099 118100 118101 118102 118103 118104 118105 118106 118107 118108 118109 118110 118111 118112 118113 118114 118115 118116 118117 118118 118119 118120 118121 118122 118123 118124 118125 118126 118127 118128 118129 118130 118131 118133 118134 118135 118136 118137 118138 118139 118140 118141 118142 118143 118144 118145 118146 118061 118062 118063 118064 118065 118066 118067 118068 118069 118070 118071 118072 118073 118074 118075 118076 118077 118078 118079 118080 118081 118082 118083 118084 118085 118086 118087 118088 118089 118090 118091 118092 118093 118094 118095
118095 118096 118097 118098 118099 118100 118101 118102 118103 118104 118105 118106 118107 118108 118109 118110 118111 118112 118113 118114 118115 118116 118117 118118 118119 118120 118121 118122 118123 118124 118125 118126 118127 118128 118129 118130 118131 118133 118134 118135 118136 118137 118138 118139 118140 118141 118142 118143 118144 118145 118146 118061 118062 118063 118064 118065 118066 118067 118068 118069 118070 118071 118072 118073 118074 118075 118076 118077 118078 118079 118080 118081 118082 118083 118084 118085 118086 118087 118088 118089 118090 118091 118092 118093 118094
118094 118095 118096 118097 118098 118099 118100 118101 118102 118103 118104 118105 118106 118107 118108 118109 118110 118111 118112 118113 118114 118115 118116 118117 118118 118119 118120 118121 118122 118123 118124 118125 118126 118127 118128 118129 118130 118131 118133 118134 118135 118136 118137 118138 118139 118140 118141 118142 118143 118144 118145 118146 118061 118062 118063 118064 118065 118066 118067 118068 118069 118070 118071 118072 118073 118074 118075 118076 118077 118078 118079 118080 118081 118082 118083 118084 118085 118086 118087 118088 118089 118090 118091 118092 118093
118093 118094 118095 118096 118097 118098 118099 118100 118101 118102 118103 118104 118105 118106 118107 118108 118109 118110 118111 118112 118113 118114 118115 118116 118117 118118 118119 118120 118121 118122 118123 118124 118125 118126 118127 118128 118129 118130 118131 118133 118134 118135 118136 118137 118138 118139 118140 118141 118142 118143 118144 118145 118146 118061 118062 118063 118064 118065 118066 118067 118068 118069 118070 118071 118072 118073 118074 118075 118076 118077 118078 118079 118080 118081 118082 118083 118084 118085 118086 118087 118088 118089 118090 118091 118092
118092 118093 118094 118095 118096 118097 118098 118099 118100 118101 118102 118103 118104 118105 118106 118107 118108 118109 118110 118111 118112 118113 118114 118115 118116 118117 118118 118119 118120 118121 118122 118123 118124 118125 118126 118127 118128 118129 118130 118131 118133 118134 118135 118136 118137 118138 118139 118140 118141 118142 118143 118144 118145 118146 118061 118062 118063 118064 118065 118066 118067 118068 118069 118070 118071 118072 118073 118074 118075 118076 118077 118078 118079 118080 118081 118082 118083 118084 118085 118086 118087 118088 118089 118090 118091
118091 118092 118093 118094 118095 118096 118097 118098 118099 118100 118101 118102 118103 118104 118105 118106 118107 118108 118109 118110 118111 118112 118113 118114 118115 118116 118117 118118 118119 118120 118121 118122 118123 118124 118125 118126 118127 118128 118129 118130 118131 118133 118134 118135 118136 118137 118138 118139 118140 118141 118142 118143 118144 118145 118146 118061 118062 118063 118064 118065 118066 118067 118068 118069 118070 118071 118072 118073 118074 118075 118076 118077 118078 118079 118080 118081 118082 118083 118084 118085 118086 118087 118088 118089 118090
118090 118091 118092 118093 118094 118095 118096 118097 118098 118099 118100 118101 118102 118103 118104 118105 118106 118107 118108 118109 118110 118111 118112 118113 118114 118115 118116 118117 118118 118119 118120 118121 118122 118123 118124 118125 118126 118127 118128 118129 118130 118131 118133 118134 118135 118136 118137 118138 118139 118140 118141 118142 118143 118144 118145 118146 118061 118062 118063 118064 118065 118066 118067 118068 118069 118070 118071 118072 118073 118074 118075 118076 118077 118078 118079 118080 118081 118082 118083 118084 118085 118086 118087 118088 118089
118089 118090 118091 118092 118093 118094 118095 118096 118097 118098 118099 118100 118101 118102 118103 118104 118105 118106 118107 118108 118109 118110 118111 118112 118113 118114 118115 118116 118117 118118 118119 118120 118121 118122 118123 118124 118125 118126 118127 118128 118129 118130 118131 118133 118134 118135 118136 118137 118138 118139 118140 118141 118142 118143 118144 118145 118146 118061 118062 118063 118064 118065 118066 118067 118068 118069 118070 118071 118072 118073 118074 118075 118076 118077 118078 118079 118080 118081 118082 118083 118084 118085 118086 118087 118088
118088 118089 118090 118091 118092 118093 118094 118095 118096 118097 118098 118099 118100 118101 118102 118103 118104 118105 118106 118107 118108 118109 118110 118111 118112 118113 118114 118115 118116 118117 118118 118119 118120 118121 118122 118123 118124 118125 118126 118127 118128 118129 118130 118131 118133 118134 118135 118136 118137 118138 118139 118140 118141 118142 118143 118144 118145 118146 118061 118062 118063 118064 118065 118066 118067 118068 118069 118070 118071 118072 118073 118074 118075 118076 118077 118078 118079 118080 118081 118082 118083 118084 118085 118086 118087
118087 118088 118089 118090 118091 118092 118093 118094 118095 118096 118097 118098 118099 118100 118101 118102 118103 118104 118105 118106 118107 118108 118109 118110 118111 118112 118113 118114 118115 118116 118117 118118 118119 118120 118121 118122 118123 118124 118125 118126 118127 118128 118129 118130 118131 118133 118134 118135 118136 118137 118138 118139 118140 118141 118142 118143 118144 118145 118146 118061 118062 118063 118064 118065 118066 118067 118068 118069 118070 118071 118072 118073 118074 118075 118076 118077 118078 118079 118080 118081 118082 118083 118084 118085 118086
118086 118087 118088 118089 118090 118091 118092 118093 118094 118095 118096 118097 118098 118099 118100 118101 118102 118103 118104 118105 118106 118107 118108 118109 118110 118111 118112 118113 118114 118115 118116 118117 118118 118119 118120 118121 118122 118123 118124 118125 118126 118127 118128 118129 118130 118131 118133 118134 118135 118136 118137 118138 118139 118140 118141 118142 118143 118144 118145 118146 118061 118062 118063 118064 118065 118066 118067 118068 118069 118070 118071 118072 118073 118074 118075 118076 118077 118078 118079 118080 118081 118082 118083 118084 118085
118085 118086 118087 118088 118089 118090 118091 118092 118093 118094 118095 118096 118097 118098 118099 118100 118101 118102 118103 118104 118105 118106 118107 118108 118109 118110 118111 118112 118113 118114 118115 118116 118117 118118 118119 118120 118121 118122 118123 118124 118125 118126 118127 118128 118129 118130 118131 118133 118134 118135 118136 118137 118138 118139 118140 118141 118142 118143 118144 118145 118146 118061 118062 118063 118064 118065 118066 118067 118068 118069 118070 118071 118072 118073 118074 118075 118076 118077 118078 118079 118080 118081 118082 118083 118084
118084 118085 118086 118087 118088 118089 118090 118091 118092 118093 118094 118095 118096 118097 118098 118099 118100 118101 118102 118103 118104 118105 118106 118107 118108 118109 118110 118111 118112 118113 118114 118115 118116 118117 118118 118119 118120 118121 118122 118123 118124 118125 118126 118127 118128 118129 118130 118131 118133 118134 118135 118136 118137 118138 118139 118140 118141 118142 118143 118144 118145 118146 118061 118062 118063 118064 118065 118066 118067 118068 118069 118070 118071 118072 118073 118074 118075 118076 118077 118078 118079 118080 118081 118082 118083
118083 118084 118085 118086 118087 118088 118089 118090 118091 118092 118093 118094 118095 118096 118097 118098 118099 118100 118101 118102 118103 118104 118105 118106 118107 118108 118109 118110 118111 118112 118113 118114 118115 118116 118117 118118 118119 118120 118121 118122 118123 118124 118125 118126 118127 118128 118129 118130 118131 118133 118134 118135 118136 118137 118138 118139 118140 118141 118142 118143 118144 118145 118146 118061 118062 118063 118064 118065 118066 118067 118068 118069 118070 118071 118072 118073 118074 118075 118076 118077 118078 118079 118080 118081 118082
118082 118083 118084 118085 118086 118087 118088 118089 118090 118091 118092 118093 118094 118095 118096 118097 118098 118099 118100 118101 118102 118103 118104 118105 118106 118107 118108 118109 118110 118111 118112 118113 118114 118115 118116 118117 118118 118119 118120 118121 118122 118123 118124 118125 118126 118127 118128 118129 118130 118131 118133 118134 118135 118136 118137 118138 118139 118140 118141 118142 118143 118144 118145 118146 118061 118062 118063 118064 118065 118066 118067 118068 118069 118070 118071 118072 118073 118074 118075 118076 118077 118078 118079 118080 118081
118081 118082 118083 118084 118085 118086 118087 118088 118089 118090 118091 118092 118093 118094 118095 118096 118097 118098 118099 118100 118101 118102 118103 118104 118105 118106 118107 118108 118109 118110 118111 118112 118113 118114 118115 118116 118117 118118 118119 118120 118121 118122 118123 118124 118125 118126 118127 118128 118129 118130 118131 118133 118134 118135 118136 118137 118138 118139 118140 118141 118142 118143 118144 118145 118146 118061 118062 118063 118064 118065 118066 118067 118068 118069 118070 118071 118072 118073 118074 118075 118076 118077 118078 118079 118080
118080 118081 118082 118083 118084 118085 118086 118087 118088 118089 118090 118091 118092 118093 118094 118095 118096 118097 118098 118099 118100 118101 118102 118103 118104 118105 118106 118107 118108 118109 118110 118111 118112 118113 118114 118115 118116 118117 118118 118119 118120 118121 118122 118123 118124 118125 118126 118127 118128 118129 118130 118131 118133 118134 118135 118136 118137 118138 118139 118140 118141 118142 118143 118144 118145 118146 118061 118062 118063 118064 118065 118066 118067 118068 118069 118070 118071 118072 118073 118074 118075 118076 118077 118078 118079
118079 118080 118081 118082 118083 118084 118085 118086 118087 118088 118089 118090 118091 118092 118093 118094 118095 118096 118097 118098 118099 118100 118101 118102 118103 118104 118105 118106 118107 118108 118109 118110 118111 118112 118113 118114 118115 118116 118117 118118 118119 118120 118121 118122 118123 118124 118125 118126 118127 118128 118129 118130 118131 118133 118134 118135 118136 118137 118138 118139 118140 118141 118142 118143 118144 118145 118146 118061 118062 118063 118064 118065 118066 118067 118068 118069 118070 118071 118072 118073 118074 118075 118076 118077 118078
118078 118079 118080 118081 118082 118083 118084 118085 118086 118087 118088 118089 118090 118091 118092 118093 118094 118095 118096 118097 118098 118099 118100 118101 118102 118103 118104 118105 118106 118107 118108 118109 118110 118111 118112 118113 118114 118115 118116 118117 118118 118119 118120 118121 118122 118123 118124 118125 118126 118127 118128 118129 118130 118131 118133 118134 118135 118136 118137 118138 118139 118140 118141 118142 118143 118144 118145 118146 118061 118062 118063 118064 118065 118066 118067 118068 118069 118070 118071 118072 118073 118074 118075 118076 118077
118077 118078 118079 118080 118081 118082 118083 118084 118085 118086 118087 118088 118089 118090 118091 118092 118093 118094 118095 118096 118097 118098 118099 118100 118101 118102 118103 118104 118105 118106 118107 118108 118109 118110 118111 118112 118113 118114 118115 118116 118117 118118 118119 118120 118121 118122 118123 118124 118125 118126 118127 118128 118129 118130 118131 118133 118134 118135 118136 118137 118138 118139 118140 118141 118142 118143 118144 118145 118146 118061 118062 118063 118064 118065 118066 118067 118068 118069 118070 118071 118072 118073 118074 118075 118076
118076 118077 118078 118079 118080 118081 118082 118083 118084 118085 118086 118087 118088 118089 118090 118091 118092 118093 118094 118095 118096 118097 118098 118099 118100 118101 118102 118103 118104 118105 118106 118107 118108 118109 118110 118111 118112 118113 118114 118115 118116 118117 118118 118119 118120 118121 118122 118123 118124 118125 118126 118127 118128 118129 118130 118131 118133 118134 118135 118136 118137 118138 118139 118140 118141 118142 118143 118144 118145 118146 118061 118062 118063 118064 118065 118066 118067 118068 118069 118070 118071 118072 118073 118074 118075
118075 118076 118077 118078 118079 118080 118081 118082 118083 118084 118085 118086 118087 118088 118089 118090 118091 118092 118093 118094 118095 118096 118097 118098 118099 118100 118101 118102 118103 118104 118105 118106 118107 118108 118109 118110 118111 118112 118113 118114 118115 118116 118117 118118 118119 118120 118121 118122 118123 118124 118125 118126 118127 118128 118129 118130 118131 118133 118134 118135 118136 118137 118138 118139 118140 118141 118142 118143 118144 118145 118146 118061 118062 118063 118064 118065 118066 118067 118068 118069 118070 118071 118072 118073 118074
118074 118075 118076 118077 118078 118079 118080 118081 118082 118083 118084 118085 118086 118087 118088 118089 118090 118091 118092 118093 118094 118095 118096 118097 118098 118099 118100 118101 118102 118103 118104 118105 118106 118107 118108 118109 118110 118111 118112 118113 118114 118115 118116 118117 118118 118119 118120 118121 118122 118123 118124 118125 118126 118127 118128 118129 118130 118131 118133 118134 118135 118136 118137 118138 118139 118140 118141 118142 118143 118144 118145 118146 118061 118062 118063 118064 118065 118066 118067 118068 118069 118070 118071 118072 118073
118073 118074 118075 118076 118077 118078 118079 118080 118081 118082 118083 118084 118085 118086 118087 118088 118089 118090 118091 118092 118093 118094 118095 118096 118097 118098 118099 118100 118101 118102 118103 118104 118105 118106 118107 118108 118109 118110 118111 118112 118113 118114 118115 118116 118117 118118 118119 118120 118121 118122 118123 118124 118125 118126 118127 118128 118129 118130 118131 118133 118134 118135 118136 118137 118138 118139 118140 118141 118142 118143 118144 118145 118146 118061 118062 118063 118064 118065 118066 118067 118068 118069 118070 118071 118072
118072 118073 118074 118075 118076 118077 118078 118079 118080 118081 118082 118083 118084 118085 118086 118087 118088 118089 118090 118091 118092 118093 118094 118095 118096 118097 118098 118099 118100 118101 118102 118103 118104 118105 118106 118107 118108 118109 118110 118111 118112 118113 118114 118115 118116 118117 118118 118119 118120 118121 118122 118123 118124 118125 118126 118127 118128 118129 118130 118131 118133 118134 118135 118136 118137 118138 118139 118140 118141 118142 118143 118144 118145 118146 118061 118062 118063 118064 118065 118066 118067 118068 118069 118070 118071
118071 118072 118073 118074 118075 118076 118077 118078 118079 118080 118081 118082 118083 118084 118085 118086 118087 118088 118089 118090 118091 118092 118093 118094 118095 118096 118097 118098 118099 118100 118101 118102 118103 118104 118105 118106 118107 118108 118109 118110 118111 118112 118113 118114 118115 118116 118117 118118 118119 118120 118121 118122 118123 118124 118125 118126 118127 118128 118129 118130 118131 118133 118134 118135 118136 118137 118138 118139 118140 118141 118142 118143 118144 118145 118146 118061 118062 118063 118064 118065 118066 118067 118068 118069 118070
118070 118071 118072 118073 118074 118075 118076 118077 118078 118079 118080 118081 118082 118083 118084 118085 118086 118087 118088 118089 118090 118091 118092 118093 118094 118095 118096 118097 118098 118099 118100 118101 118102 118103 118104 118105 118106 118107 118108 118109 118110 118111 118112 118113 118114 118115 118116 118117 118118 118119 118120 118121 118122 118123 118124 118125 118126 118127 118128 118129 118130 118131 118133 118134 118135 118136 118137 118138 118139 118140 118141 118142 118143 118144 118145 118146 118061 118062 118063 118064 118065 118066 118067 118068 118069
118069 118070 118071 118072 118073 118074 118075 118076 118077 118078 118079 118080 118081 118082 118083 118084 118085 118086 118087 118088 118089 118090 118091 118092 118093 118094 118095 118096 118097 118098 118099 118100 118101 118102 118103 118104 118105 118106 118107 118108 118109 118110 118111 118112 118113 118114 118115 118116 118117 118118 118119 118120 118121 118122 118123 118124 118125 118126 118127 118128 118129 118130 118131 118133 118134 118135 118136 118137 118138 118139 118140 118141 118142 118143 118144 118145 118146 118061 118062 118063 118064 118065 118066 118067 118068
118068 118069 118070 118071 118072 118073 118074 118075 118076 118077 118078 118079 118080 118081 118082 118083 118084 118085 118086 118087 118088 118089 118090 118091 118092 118093 118094 118095 118096 118097 118098 118099 118100 118101 118102 118103 118104 118105 118106 118107 118108 118109 118110 118111 118112 118113 118114 118115 118116 118117 118118 118119 118120 118121 118122 118123 118124 118125 118126 118127 118128 118129 118130 118131 118133 118134 118135 118136 118137 118138 118139 118140 118141 118142 118143 118144 118145 118146 118061 118062 118063 118064 118065 118066 118067
118067 118068 118069 118070 118071 118072 118073 118074 118075 118076 118077 118078 118079 118080 118081 118082 118083 118084 118085 118086 118087 118088 118089 118090 118091 118092 118093 118094 118095 118096 118097 118098 118099 118100 118101 118102 118103 118104 118105 118106 118107 118108 118109 118110 118111 118112 118113 118114 118115 118116 118117 118118 118119 118120 118121 118122 118123 118124 118125 118126 118127 118128 118129 118130 118131 118132 118134 118135 118136 118137 118138 118139 118140 118141 118142 118143 118144 118145 118146 118061 118062 118063 118064 118065 118066
118066 118067 118068 118069 118070 118071 118072 118073 118074 118075 118076 118077 118078 118079 118080 118081 118082 118083 118084 118085 118086 118087 118088 118089 118090 118091 118092 118093 118094 118095 118096 118097 118098 118099 118100 118101 118102 118103 118104 118105 118106 118107 118108 118109 118110 118111 118112 118113 118114 118115 118116 118117 118118 118119 118120 118121 118122 118123 118124 118125 118126 118127 118128 118129 118130 118131 118132 118134 118135 118136 118137 118138 118139 118140 118141 118142 118143 118144 118145 118146 118061 118062 118063 118064 118065
118065 118066 118067 118068 118069 118070 118071 118072 118073 118074 118075 118076 118077 118078 118079 118080 118081 118082 118083 118084 118085 118086 118087 118088 118089 118090 118091 118092 118093 118094 118095 118096 118097 118098 118099 118100 118101 118102 118103 118104 118105 118106 118107 118108 118109 118110 118111 118112 118113 118114 118115 118116 118117 118118 118119 118120 118121 118122 118123 118124 118125 118126 118127 118128 118129 118130 118131 118132 118134 118135 118136 118137 118138 118139 118140 118141 118142 118143 118144 118145 118146 118061 118062 118063 118064
118064 118065 118066 118067 118068 118069 118070 118071 118072 118073 118074 118075 118076 118077 118078 118079 118080 118081 118082 118083 118084 118085 118086 118087 118088 118089 118090 118091 118092 118093 118094 118095 118096 118097 118098 118099 118100 118101 118102 118103 118104 118105 118106 118107 118108 118109 118110 118111 118112 118113 118114 118115 118116 118117 118118 118119 118120 118121 118122 118123 118124 118125 118126 118127 118128 118129 118130 118131 118132 118134 118135 118136 118137 118138 118139 118140 118141 118142 118143 118144 118145 118146 118061 118062 118063
118063 118064 118065 118066 118067 118068 118069 118070 118071 118072 118073 118074 118075 118076 118077 118078 118079 118080 118081 118082 118083 118084 118085 118086 118087 118088 118089 118090 118091 118092 118093 118094 118095 118096 118097 118098 118099 118100 118101 118102 118103 118104 118105 118106 118107 118108 118109 118110 118111 118112 118113 118114 118115 118116 118117 118118 118119 118120 118121 118122 118123 118124 118125 118126 118127 118128 118129 118130 118131 118132 118134 118135 118136 118137 118138 118139 118140 118141 118142 118143 118144 118145 118146 118061 118062
118062 118063 118064 118065 118066 118067 118068 118069 118070 118071 118072 118073 118074 118075 118076 118077 118078 118079 118080 118081 118082 118083 118084 118085 118086 118087 118088 118089 118090 118091 118092 118093 118094 118095 118096 118097 118098 118099 118100 118101 118102 118103 118104 118105 118106 118107 118108 118109 118110 118111 118112 118113 118114 118115 118116 118117 118118 118119 118120 118121 118122 118123 118124 118125 118126 118127 118128 118129 118130 118131 118132 118134 118135 118136 118137 118138 118139 118140 118141 118142 118143 118144 118145 118146 118061