60921 60922 60923 60924 60925 60926 60927 60928 60929 60930 60931 60932 60933 60934 60935 60936 60937 60938 60939 60940 60941 60943 60944 60945 60946 60947 60948 60949 60950 60951 60952 60953 60954 60955 60956 60957 60958 60959 60960 60961 60962 60963 60964 60965 60966 60967 60968 60969 60970 60971 60972 60973 60974 60975 60976 60977 60978 60979 60980 60981 60982 60983 60984 60985 60986 60987 60988 60989 60990 60991 60992 60993 60994 60995 60996 60997 60998 60999 61000 61001 61002 61003 61004 61005 61006 61007 61008 61009 61010 61011 61012 61013 61014 61015 61016 61017 61018
61018 60921 60922 60923 60924 60925 60926 60927 60928 60929 60930 60931 60932 60933 60934 60935 60936 60937 60938 60939 60940 60941 60943 60944 60945 60946 60947 60948 60949 60950 60951 60952 60953 60954 60955 60956 60957 60958 60959 60960 60961 60962 60963 60964 60965 60966 60967 60968 60969 60970 60971 60972 60973 60974 60975 60976 60977 60978 60979 60980 60981 60982 60983 60984 60985 60986 60987 60988 60989 60990 60991 60992 60993 60994 60995 60996 60997 60998 60999 61000 61001 61002 61003 61004 61005 61006 61007 61008 61009 61010 61011 61012 61013 61014 61015 61016 61017
61017 61018 60921 60922 60923 60924 60925 60926 60927 60928 60929 60930 60931 60932 60933 60934 60935 60936 60937 60938 60939 60940 60941 60943 60944 60945 60946 60947 60948 60949 60950 60951 60952 60953 60954 60955 60956 60957 60958 60959 60960 60961 60962 60963 60964 60965 60966 60967 60968 60969 60970 60971 60972 60973 60974 60975 60976 60977 60978 60979 60980 60981 60982 60983 60984 60985 60986 60987 60988 60989 60990 60991 60992 60993 60994 60995 60996 60997 60998 60999 61000 61001 61002 61003 61004 61005 61006 61007 61008 61009 61010 61011 61012 61013 61014 61015 61016
61016 61017 61018 60921 60922 60923 60924 60925 60926 60927 60928 60929 60930 60931 60932 60933 60934 60935 60936 60937 60938 60939 60940 60941 60943 60944 60945 60946 60947 60948 60949 60950 60951 60952 60953 60954 60955 60956 60957 60958 60959 60960 60961 60962 60963 60964 60965 60966 60967 60968 60969 60970 60971 60972 60973 60974 60975 60976 60977 60978 60979 60980 60981 60982 60983 60984 60985 60986 60987 60988 60989 60990 60991 60992 60993 60994 60995 60996 60997 60998 60999 61000 61001 61002 61003 61004 61005 61006 61007 61008 61009 61010 61011 61012 61013 61014 61015
61015 61016 61017 61018 60921 60922 60923 60924 60925 60926 60927 60928 60929 60930 60931 60932 60933 60934 60935 60936 60937 60938 60939 60940 60941 60943 60944 60945 60946 60947 60948 60949 60950 60951 60952 60953 60954 60955 60956 60957 60958 60959 60960 60961 60962 60963 60964 60965 60966 60967 60968 60969 60970 60971 60972 60973 60974 60975 60976 60977 60978 60979 60980 60981 60982 60983 60984 60985 60986 60987 60988 60989 60990 60991 60992 60993 60994 60995 60996 60997 60998 60999 61000 61001 61002 61003 61004 61005 61006 61007 61008 61009 61010 61011 61012 61013 61014
61014 61015 61016 61017 61018 60921 60922 60923 60924 60925 60926 60927 60928 60929 60930 60931 60932 60933 60934 60935 60936 60937 60938 60939 60940 60941 60943 60944 60945 60946 60947 60948 60949 60950 60951 60952 60953 60954 60955 60956 60957 60958 60959 60960 60961 60962 60963 60964 60965 60966 60967 60968 60969 60970 60971 60972 60973 60974 60975 60976 60977 60978 60979 60980 60981 60982 60983 60984 60985 60986 60987 60988 60989 60990 60991 60992 60993 60994 60995 60996 60997 60998 60999 61000 61001 61002 61003 61004 61005 61006 61007 61008 61009 61010 61011 61012 61013
61013 61014 61015 61016 61017 61018 60921 60922 60923 60924 60925 60926 60927 60928 60929 60930 60931 60932 60933 60934 60935 60936 60937 60938 60939 60940 60941 60943 60944 60945 60946 60947 60948 60949 60950 60951 60952 60953 60954 60955 60956 60957 60958 60959 60960 60961 60962 60963 60964 60965 60966 60967 60968 60969 60970 60971 60972 60973 60974 60975 60976 60977 60978 60979 60980 60981 60982 60983 60984 60985 60986 60987 60988 60989 60990 60991 60992 60993 60994 60995 60996 60997 60998 60999 61000 61001 61002 61003 61004 61005 61006 61007 61008 61009 61010 61011 61012
61012 61013 61014 61015 61016 61017 61018 60921 60922 60923 60924 60925 60926 60927 60928 60929 60930 60931 60932 60933 60934 60935 60936 60937 60938 60939 60940 60941 60943 60944 60945 60946 60947 60948 60949 60950 60951 60952 60953 60954 60955 60956 60957 60958 60959 60960 60961 60962 60963 60964 60965 60966 60967 60968 60969 60970 60971 60972 60973 60974 60975 60976 60977 60978 60979 60980 60981 60982 60983 60984 60985 60986 60987 60988 60989 60990 60991 60992 60993 60994 60995 60996 60997 60998 60999 61000 61001 61002 61003 61004 61005 61006 61007 61008 61009 61010 61011
61011 61012 61013 61014 61015 61016 61017 61018 60921 60922 60923 60924 60925 60926 60927 60928 60929 60930 60931 60932 60933 60934 60935 60936 60937 60938 60939 60940 60941 60943 60944 60945 60946 60947 60948 60949 60950 60951 60952 60953 60954 60955 60956 60957 60958 60959 60960 60961 60962 60963 60964 60965 60966 60967 60968 60969 60970 60971 60972 60973 60974 60975 60976 60977 60978 60979 60980 60981 60982 60983 60984 60985 60986 60987 60988 60989 60990 60991 60992 60993 60994 60995 60996 60997 60998 60999 61000 61001 61002 61003 61004 61005 61006 61007 61008 61009 61010
61010 61011 61012 61013 61014 61015 61016 61017 61018 60921 60922 60923 60924 60925 60926 60927 60928 60929 60930 60931 60932 60933 60934 60935 60936 60937 60938 60939 60940 60941 60943 60944 60945 60946 60947 60948 60949 60950 60951 60952 60953 60954 60955 60956 60957 60958 60959 60960 60961 60962 60963 60964 60965 60966 60967 60968 60969 60970 60971 60972 60973 60974 60975 60976 60977 60978 60979 60980 60981 60982 60983 60984 60985 60986 60987 60988 60989 60990 60991 60992 60993 60994 60995 60996 60997 60998 60999 61000 61001 61002 61003 61004 61005 61006 61007 61008 61009
61009 61010 61011 61012 61013 61014 61015 61016 61017 61018 60921 60922 60923 60924 60925 60926 60927 60928 60929 60930 60931 60932 60933 60934 60935 60936 60937 60938 60939 60940 60941 60943 60944 60945 60946 60947 60948 60949 60950 60951 60952 60953 60954 60955 60956 60957 60958 60959 60960 60961 60962 60963 60964 60965 60966 60967 60968 60969 60970 60971 60972 60973 60974 60975 60976 60977 60978 60979 60980 60981 60982 60983 60984 60985 60986 60987 60988 60989 60990 60991 60992 60993 60994 60995 60996 60997 60998 60999 61000 61001 61002 61003 61004 61005 61006 61007 61008
61008 61009 61010 61011 61012 61013 61014 61015 61016 61017 61018 60921 60922 60923 60924 60925 60926 60927 60928 60929 60930 60931 60932 60933 60934 60935 60936 60937 60938 60939 60940 60941 60943 60944 60945 60946 60947 60948 60949 60950 60951 60952 60953 60954 60955 60956 60957 60958 60959 60960 60961 60962 60963 60964 60965 60966 60967 60968 60969 60970 60971 60972 60973 60974 60975 60976 60977 60978 60979 60980 60981 60982 60983 60984 60985 60986 60987 60988 60989 60990 60991 60992 60993 60994 60995 60996 60997 60998 60999 61000 61001 61002 61003 61004 61005 61006 61007
61007 61008 61009 61010 61011 61012 61013 61014 61015 61016 61017 61018 60921 60922 60923 60924 60925 60926 60927 60928 60929 60930 60931 60932 60933 60934 60935 60936 60937 60938 60939 60940 60941 60943 60944 60945 60946 60947 60948 60949 60950 60951 60952 60953 60954 60955 60956 60957 60958 60959 60960 60961 60962 60963 60964 60965 60966 60967 60968 60969 60970 60971 60972 60973 60974 60975 60976 60977 60978 60979 60980 60981 60982 60983 60984 60985 60986 60987 60988 60989 60990 60991 60992 60993 60994 60995 60996 60997 60998 60999 61000 61001 61002 61003 61004 61005 61006
61006 61007 61008 61009 61010 61011 61012 61013 61014 61015 61016 61017 61018 60921 60922 60923 60924 60925 60926 60927 60928 60929 60930 60931 60932 60933 60934 60935 60936 60937 60938 60939 60940 60941 60943 60944 60945 60946 60947 60948 60949 60950 60951 60952 60953 60954 60955 60956 60957 60958 60959 60960 60961 60962 60963 60964 60965 60966 60967 60968 60969 60970 60971 60972 60973 60974 60975 60976 60977 60978 60979 60980 60981 60982 60983 60984 60985 60986 60987 60988 60989 60990 60991 60992 60993 60994 60995 60996 60997 60998 60999 61000 61001 61002 61003 61004 61005
61005 61006 61007 61008 61009 61010 61011 61012 61013 61014 61015 61016 61017 61018 60921 60922 60923 60924 60925 60926 60927 60928 60929 60930 60931 60932 60933 60934 60935 60936 60937 60938 60939 60940 60941 60943 60944 60945 60946 60947 60948 60949 60950 60951 60952 60953 60954 60955 60956 60957 60958 60959 60960 60961 60962 60963 60964 60965 60966 60967 60968 60969 60970 60971 60972 60973 60974 60975 60976 60977 60978 60979 60980 60981 60982 60983 60984 60985 60986 60987 60988 60989 60990 60991 60992 60993 60994 60995 60996 60997 60998 60999 61000 61001 61002 61003 61004
61004 61005 61006 61007 61008 61009 61010 61011 61012 61013 61014 61015 61016 61017 61018 60921 60922 60923 60924 60925 60926 60927 60928 60929 60930 60931 60932 60933 60934 60935 60936 60937 60938 60939 60940 60941 60943 60944 60945 60946 60947 60948 60949 60950 60951 60952 60953 60954 60955 60956 60957 60958 60959 60960 60961 60962 60963 60964 60965 60966 60967 60968 60969 60970 60971 60972 60973 60974 60975 60976 60977 60978 60979 60980 60981 60982 60983 60984 60985 60986 60987 60988 60989 60990 60991 60992 60993 60994 60995 60996 60997 60998 60999 61000 61001 61002 61003
61003 61004 61005 61006 61007 61008 61009 61010 61011 61012 61013 61014 61015 61016 61017 61018 60921 60922 60923 60924 60925 60926 60927 60928 60929 60930 60931 60932 60933 60934 60935 60936 60937 60938 60939 60940 60941 60943 60944 60945 60946 60947 60948 60949 60950 60951 60952 60953 60954 60955 60956 60957 60958 60959 60960 60961 60962 60963 60964 60965 60966 60967 60968 60969 60970 60971 60972 60973 60974 60975 60976 60977 60978 60979 60980 60981 60982 60983 60984 60985 60986 60987 60988 60989 60990 60991 60992 60993 60994 60995 60996 60997 60998 60999 61000 61001 61002
61002 61003 61004 61005 61006 61007 61008 61009 61010 61011 61012 61013 61014 61015 61016 61017 61018 60921 60922 60923 60924 60925 60926 60927 60928 60929 60930 60931 60932 60933 60934 60935 60936 60937 60938 60939 60940 60941 60943 60944 60945 60946 60947 60948 60949 60950 60951 60952 60953 60954 60955 60956 60957 60958 60959 60960 60961 60962 60963 60964 60965 60966 60967 60968 60969 60970 60971 60972 60973 60974 60975 60976 60977 60978 60979 60980 60981 60982 60983 60984 60985 60986 60987 60988 60989 60990 60991 60992 60993 60994 60995 60996 60997 60998 60999 61000 61001
61001 61002 61003 61004 61005 61006 61007 61008 61009 61010 61011 61012 61013 61014 61015 61016 61017 61018 60921 60922 60923 60924 60925 60926 60927 60928 60929 60930 60931 60932 60933 60934 60935 60936 60937 60938 60939 60940 60941 60943 60944 60945 60946 60947 60948 60949 60950 60951 60952 60953 60954 60955 60956 60957 60958 60959 60960 60961 60962 60963 60964 60965 60966 60967 60968 60969 60970 60971 60972 60973 60974 60975 60976 60977 60978 60979 60980 60981 60982 60983 60984 60985 60986 60987 60988 60989 60990 60991 60992 60993 60994 60995 60996 60997 60998 60999 61000
61000 61001 61002 61003 61004 61005 61006 61007 61008 61009 61010 61011 61012 61013 61014 61015 61016 61017 61018 60921 60922 60923 60924 60925 60926 60927 60928 60929 60930 60931 60932 60933 60934 60935 60936 60937 60938 60939 60940 60941 60943 60944 60945 60946 60947 60948 60949 60950 60951 60952 60953 60954 60955 60956 60957 60958 60959 60960 60961 60962 60963 60964 60965 60966 60967 60968 60969 60970 60971 60972 60973 60974 60975 60976 60977 60978 60979 60980 60981 60982 60983 60984 60985 60986 60987 60988 60989 60990 60991 60992 60993 60994 60995 60996 60997 60998 60999
60999 61000 61001 61002 61003 61004 61005 61006 61007 61008 61009 61010 61011 61012 61013 61014 61015 61016 61017 61018 60921 60922 60923 60924 60925 60926 60927 60928 60929 60930 60931 60932 60933 60934 60935 60936 60937 60938 60939 60940 60941 60943 60944 60945 60946 60947 60948 60949 60950 60951 60952 60953 60954 60955 60956 60957 60958 60959 60960 60961 60962 60963 60964 60965 60966 60967 60968 60969 60970 60971 60972 60973 60974 60975 60976 60977 60978 60979 60980 60981 60982 60983 60984 60985 60986 60987 60988 60989 60990 60991 60992 60993 60994 60995 60996 60997 60998
60998 60999 61000 61001 61002 61003 61004 61005 61006 61007 61008 61009 61010 61011 61012 61013 61014 61015 61016 61017 61018 60921 60922 60923 60924 60925 60926 60927 60928 60929 60930 60931 60932 60933 60934 60935 60936 60937 60938 60939 60940 60941 60943 60944 60945 60946 60947 60948 60949 60950 60951 60952 60953 60954 60955 60956 60957 60958 60959 60960 60961 60962 60963 60964 60965 60966 60967 60968 60969 60970 60971 60972 60973 60974 60975 60976 60977 60978 60979 60980 60981 60982 60983 60984 60985 60986 60987 60988 60989 60990 60991 60992 60993 60994 60995 60996 60997
60997 60998 60999 61000 61001 61002 61003 61004 61005 61006 61007 61008 61009 61010 61011 61012 61013 61014 61015 61016 61017 61018 60921 60922 60923 60924 60925 60926 60927 60928 60929 60930 60931 60932 60933 60934 60935 60936 60937 60938 60939 60940 60941 60943 60944 60945 60946 60947 60948 60949 60950 60951 60952 60953 60954 60955 60956 60957 60958 60959 60960 60961 60962 60963 60964 60965 60966 60967 60968 60969 60970 60971 60972 60973 60974 60975 60976 60977 60978 60979 60980 60981 60982 60983 60984 60985 60986 60987 60988 60989 60990 60991 60992 60993 60994 60995 60996
60996 60997 60998 60999 61000 61001 61002 61003 61004 61005 61006 61007 61008 61009 61010 61011 61012 61013 61014 61015 61016 61017 61018 60921 60922 60923 60924 60925 60926 60927 60928 60929 60930 60931 60932 60933 60934 60935 60936 60937 60938 60939 60940 60941 60943 60944 60945 60946 60947 60948 60949 60950 60951 60952 60953 60954 60955 60956 60957 60958 60959 60960 60961 60962 60963 60964 60965 60966 60967 60968 60969 60970 60971 60972 60973 60974 60975 60976 60977 60978 60979 60980 60981 60982 60983 60984 60985 60986 60987 60988 60989 60990 60991 60992 60993 60994 60995
60995 60996 60997 60998 60999 61000 61001 61002 61003 61004 61005 61006 61007 61008 61009 61010 61011 61012 61013 61014 61015 61016 61017 61018 60921 60922 60923 60924 60925 60926 60927 60928 60929 60930 60931 60932 60933 60934 60935 60936 60937 60938 60939 60940 60941 60943 60944 60945 60946 60947 60948 60949 60950 60951 60952 60953 60954 60955 60956 60957 60958 60959 60960 60961 60962 60963 60964 60965 60966 60967 60968 60969 60970 60971 60972 60973 60974 60975 60976 60977 60978 60979 60980 60981 60982 60983 60984 60985 60986 60987 60988 60989 60990 60991 60992 60993 60994
60994 60995 60996 60997 60998 60999 61000 61001 61002 61003 61004 61005 61006 61007 61008 61009 61010 61011 61012 61013 61014 61015 61016 61017 61018 60921 60922 60923 60924 60925 60926 60927 60928 60929 60930 60931 60932 60933 60934 60935 60936 60937 60938 60939 60940 60941 60943 60944 60945 60946 60947 60948 60949 60950 60951 60952 60953 60954 60955 60956 60957 60958 60959 60960 60961 60962 60963 60964 60965 60966 60967 60968 60969 60970 60971 60972 60973 60974 60975 60976 60977 60978 60979 60980 60981 60982 60983 60984 60985 60986 60987 60988 60989 60990 60991 60992 60993
60993 60994 60995 60996 60997 60998 60999 61000 61001 61002 61003 61004 61005 61006 61007 61008 61009 61010 61011 61012 61013 61014 61015 61016 61017 61018 60921 60922 60923 60924 60925 60926 60927 60928 60929 60930 60931 60932 60933 60934 60935 60936 60937 60938 60939 60940 60941 60943 60944 60945 60946 60947 60948 60949 60950 60951 60952 60953 60954 60955 60956 60957 60958 60959 60960 60961 60962 60963 60964 60965 60966 60967 60968 60969 60970 60971 60972 60973 60974 60975 60976 60977 60978 60979 60980 60981 60982 60983 60984 60985 60986 60987 60988 60989 60990 60991 60992
60992 60993 60994 60995 60996 60997 60998 60999 61000 61001 61002 61003 61004 61005 61006 61007 61008 61009 61010 61011 61012 61013 61014 61015 61016 61017 61018 60921 60922 60923 60924 60925 60926 60927 60928 60929 60930 60931 60932 60933 60934 60935 60936 60937 60938 60939 60940 60941 60943 60944 60945 60946 60947 60948 60949 60950 60951 60952 60953 60954 60955 60956 60957 60958 60959 60960 60961 60962 60963 60964 60965 60966 60967 60968 60969 60970 60971 60972 60973 60974 60975 60976 60977 60978 60979 60980 60981 60982 60983 60984 60985 60986 60987 60988 60989 60990 60991
60991 60992 60993 60994 60995 60996 60997 60998 60999 61000 61001 61002 61003 61004 61005 61006 61007 61008 61009 61010 61011 61012 61013 61014 61015 61016 61017 61018 60921 60922 60923 60924 60925 60926 60927 60928 60929 60930 60931 60932 60933 60934 60935 60936 60937 60938 60939 60940 60941 60943 60944 60945 60946 60947 60948 60949 60950 60951 60952 60953 60954 60955 60956 60957 60958 60959 60960 60961 60962 60963 60964 60965 60966 60967 60968 60969 60970 60971 60972 60973 60974 60975 60976 60977 60978 60979 60980 60981 60982 60983 60984 60985 60986 60987 60988 60989 60990
60990 60991 60992 60993 60994 60995 60996 60997 60998 60999 61000 61001 61002 61003 61004 61005 61006 61007 61008 61009 61010 61011 61012 61013 61014 61015 61016 61017 61018 60921 60922 60923 60924 60925 60926 60927 60928 60929 60930 60931 60932 60933 60934 60935 60936 60937 60938 60939 60940 60941 60943 60944 60945 60946 60947 60948 60949 60950 60951 60952 60953 60954 60955 60956 60957 60958 60959 60960 60961 60962 60963 60964 60965 60966 60967 60968 60969 60970 60971 60972 60973 60974 60975 60976 60977 60978 60979 60980 60981 60982 60983 60984 60985 60986 60987 60988 60989
60989 60990 60991 60992 60993 60994 60995 60996 60997 60998 60999 61000 61001 61002 61003 61004 61005 61006 61007 61008 61009 61010 61011 61012 61013 61014 61015 61016 61017 61018 60921 60922 60923 60924 60925 60926 60927 60928 60929 60930 60931 60932 60933 60934 60935 60936 60937 60938 60939 60940 60941 60943 60944 60945 60946 60947 60948 60949 60950 60951 60952 60953 60954 60955 60956 60957 60958 60959 60960 60961 60962 60963 60964 60965 60966 60967 60968 60969 60970 60971 60972 60973 60974 60975 60976 60977 60978 60979 60980 60981 60982 60983 60984 60985 60986 60987 60988
60988 60989 60990 60991 60992 60993 60994 60995 60996 60997 60998 60999 61000 61001 61002 61003 61004 61005 61006 61007 61008 61009 61010 61011 61012 61013 61014 61015 61016 61017 61018 60921 60922 60923 60924 60925 60926 60927 60928 60929 60930 60931 60932 60933 60934 60935 60936 60937 60938 60939 60940 60941 60943 60944 60945 60946 60947 60948 60949 60950 60951 60952 60953 60954 60955 60956 60957 60958 60959 60960 60961 60962 60963 60964 60965 60966 60967 60968 60969 60970 60971 60972 60973 60974 60975 60976 60977 60978 60979 60980 60981 60982 60983 60984 60985 60986 60987
60987 60988 60989 60990 60991 60992 60993 60994 60995 60996 60997 60998 60999 61000 61001 61002 61003 61004 61005 61006 61007 61008 61009 61010 61011 61012 61013 61014 61015 61016 61017 61018 60921 60922 60923 60924 60925 60926 60927 60928 60929 60930 60931 60932 60933 60934 60935 60936 60937 60938 60939 60940 60941 60943 60944 60945 60946 60947 60948 60949 60950 60951 60952 60953 60954 60955 60956 60957 60958 60959 60960 60961 60962 60963 60964 60965 60966 60967 60968 60969 60970 60971 60972 60973 60974 60975 60976 60977 60978 60979 60980 60981 60982 60983 60984 60985 60986
60986 60987 60988 60989 60990 60991 60992 60993 60994 60995 60996 60997 60998 60999 61000 61001 61002 61003 61004 61005 61006 61007 61008 61009 61010 61011 61012 61013 61014 61015 61016 61017 61018 60921 60922 60923 60924 60925 60926 60927 60928 60929 60930 60931 60932 60933 60934 60935 60936 60937 60938 60939 60940 60941 60943 60944 60945 60946 60947 60948 60949 60950 60951 60952 60953 60954 60955 60956 60957 60958 60959 60960 60961 60962 60963 60964 60965 60966 60967 60968 60969 60970 60971 60972 60973 60974 60975 60976 60977 60978 60979 60980 60981 60982 60983 60984 60985
60985 60986 60987 60988 60989 60990 60991 60992 60993 60994 60995 60996 60997 60998 60999 61000 61001 61002 61003 61004 61005 61006 61007 61008 61009 61010 61011 61012 61013 61014 61015 61016 61017 61018 60921 60922 60923 60924 60925 60926 60927 60928 60929 60930 60931 60932 60933 60934 60935 60936 60937 60938 60939 60940 60941 60943 60944 60945 60946 60947 60948 60949 60950 60951 60952 60953 60954 60955 60956 60957 60958 60959 60960 60961 60962 60963 60964 60965 60966 60967 60968 60969 60970 60971 60972 60973 60974 60975 60976 60977 60978 60979 60980 60981 60982 60983 60984
60984 60985 60986 60987 60988 60989 60990 60991 60992 60993 60994 60995 60996 60997 60998 60999 61000 61001 61002 61003 61004 61005 61006 61007 61008 61009 61010 61011 61012 61013 61014 61015 61016 61017 61018 60921 60922 60923 60924 60925 60926 60927 60928 60929 60930 60931 60932 60933 60934 60935 60936 60937 60938 60939 60940 60941 60943 60944 60945 60946 60947 60948 60949 60950 60951 60952 60953 60954 60955 60956 60957 60958 60959 60960 60961 60962 60963 60964 60965 60966 60967 60968 60969 60970 60971 60972 60973 60974 60975 60976 60977 60978 60979 60980 60981 60982 60983
60983 60984 60985 60986 60987 60988 60989 60990 60991 60992 60993 60994 60995 60996 60997 60998 60999 61000 61001 61002 61003 61004 61005 61006 61007 61008 61009 61010 61011 61012 61013 61014 61015 61016 61017 61018 60921 60922 60923 60924 60925 60926 60927 60928 60929 60930 60931 60932 60933 60934 60935 60936 60937 60938 60939 60940 60941 60943 60944 60945 60946 60947 60948 60949 60950 60951 60952 60953 60954 60955 60956 60957 60958 60959 60960 60961 60962 60963 60964 60965 60966 60967 60968 60969 60970 60971 60972 60973 60974 60975 60976 60977 60978 60979 60980 60981 60982
60982 60983 60984 60985 60986 60987 60988 60989 60990 60991 60992 60993 60994 60995 60996 60997 60998 60999 61000 61001 61002 61003 61004 61005 61006 61007 61008 61009 61010 61011 61012 61013 61014 61015 61016 61017 61018 60921 60922 60923 60924 60925 60926 60927 60928 60929 60930 60931 60932 60933 60934 60935 60936 60937 60938 60939 60940 60941 60943 60944 60945 60946 60947 60948 60949 60950 60951 60952 60953 60954 60955 60956 60957 60958 60959 60960 60961 60962 60963 60964 60965 60966 60967 60968 60969 60970 60971 60972 60973 60974 60975 60976 60977 60978 60979 60980 60981
60981 60982 60983 60984 60985 60986 60987 60988 60989 60990 60991 60992 60993 60994 60995 60996 60997 60998 60999 61000 61001 61002 61003 61004 61005 61006 61007 61008 61009 61010 61011 61012 61013 61014 61015 61016 61017 61018 60921 60922 60923 60924 60925 60926 60927 60928 60929 60930 60931 60932 60933 60934 60935 60936 60937 60938 60939 60940 60941 60943 60944 60945 60946 60947 60948 60949 60950 60951 60952 60953 60954 60955 60956 60957 60958 60959 60960 60961 60962 60963 60964 60965 60966 60967 60968 60969 60970 60971 60972 60973 60974 60975 60976 60977 60978 60979 60980
60980 60981 60982 60983 60984 60985 60986 60987 60988 60989 60990 60991 60992 60993 60994 60995 60996 60997 60998 60999 61000 61001 61002 61003 61004 61005 61006 61007 61008 61009 61010 61011 61012 61013 61014 61015 61016 61017 61018 60921 60922 60923 60924 60925 60926 60927 60928 60929 60930 60931 60932 60933 60934 60935 60936 60937 60938 60939 60940 60941 60943 60944 60945 60946 60947 60948 60949 60950 60951 60952 60953 60954 60955 60956 60957 60958 60959 60960 60961 60962 60963 60964 60965 60966 60967 60968 60969 60970 60971 60972 60973 60974 60975 60976 60977 60978 60979
60979 60980 60981 60982 60983 60984 60985 60986 60987 60988 60989 60990 60991 60992 60993 60994 60995 60996 60997 60998 60999 61000 61001 61002 61003 61004 61005 61006 61007 61008 61009 61010 61011 61012 61013 61014 61015 61016 61017 61018 60921 60922 60923 60924 60925 60926 60927 60928 60929 60930 60931 60932 60933 60934 60935 60936 60937 60938 60939 60940 60941 60943 60944 60945 60946 60947 60948 60949 60950 60951 60952 60953 60954 60955 60956 60957 60958 60959 60960 60961 60962 60963 60964 60965 60966 60967 60968 60969 60970 60971 60972 60973 60974 60975 60976 60977 60978
60978 60979 60980 60981 60982 60983 60984 60985 60986 60987 60988 60989 60990 60991 60992 60993 60994 60995 60996 60997 60998 60999 61000 61001 61002 61003 61004 61005 61006 61007 61008 61009 61010 61011 61012 61013 61014 61015 61016 61017 61018 60921 60922 60923 60924 60925 60926 60927 60928 60929 60930 60931 60932 60933 60934 60935 60936 60937 60938 60939 60940 60941 60943 60944 60945 60946 60947 60948 60949 60950 60951 60952 60953 60954 60955 60956 60957 60958 60959 60960 60961 60962 60963 60964 60965 60966 60967 60968 60969 60970 60971 60972 60973 60974 60975 60976 60977
60977 60978 60979 60980 60981 60982 60983 60984 60985 60986 60987 60988 60989 60990 60991 60992 60993 60994 60995 60996 60997 60998 60999 61000 61001 61002 61003 61004 61005 61006 61007 61008 61009 61010 61011 61012 61013 61014 61015 61016 61017 61018 60921 60922 60923 60924 60925 60926 60927 60928 60929 60930 60931 60932 60933 60934 60935 60936 60937 60938 60939 60940 60941 60943 60944 60945 60946 60947 60948 60949 60950 60951 60952 60953 60954 60955 60956 60957 60958 60959 60960 60961 60962 60963 60964 60965 60966 60967 60968 60969 60970 60971 60972 60973 60974 60975 60976
60976 60977 60978 60979 60980 60981 60982 60983 60984 60985 60986 60987 60988 60989 60990 60991 60992 60993 60994 60995 60996 60997 60998 60999 61000 61001 61002 61003 61004 61005 61006 61007 61008 61009 61010 61011 61012 61013 61014 61015 61016 61017 61018 60921 60922 60923 60924 60925 60926 60927 60928 60929 60930 60931 60932 60933 60934 60935 60936 60937 60938 60939 60940 60941 60943 60944 60945 60946 60947 60948 60949 60950 60951 60952 60953 60954 60955 60956 60957 60958 60959 60960 60961 60962 60963 60964 60965 60966 60967 60968 60969 60970 60971 60972 60973 60974 60975
60975 60976 60977 60978 60979 60980 60981 60982 60983 60984 60985 60986 60987 60988 60989 60990 60991 60992 60993 60994 60995 60996 60997 60998 60999 61000 61001 61002 61003 61004 61005 61006 61007 61008 61009 61010 61011 61012 61013 61014 61015 61016 61017 61018 60921 60922 60923 60924 60925 60926 60927 60928 60929 60930 60931 60932 60933 60934 60935 60936 60937 60938 60939 60940 60941 60943 60944 60945 60946 60947 60948 60949 60950 60951 60952 60953 60954 60955 60956 60957 60958 60959 60960 60961 60962 60963 60964 60965 60966 60967 60968 60969 60970 60971 60972 60973 60974
60974 60975 60976 60977 60978 60979 60980 60981 60982 60983 60984 60985 60986 60987 60988 60989 60990 60991 60992 60993 60994 60995 60996 60997 60998 60999 61000 61001 61002 61003 61004 61005 61006 61007 61008 61009 61010 61011 61012 61013 61014 61015 61016 61017 61018 60921 60922 60923 60924 60925 60926 60927 60928 60929 60930 60931 60932 60933 60934 60935 60936 60937 60938 60939 60940 60941 60943 60944 60945 60946 60947 60948 60949 60950 60951 60952 60953 60954 60955 60956 60957 60958 60959 60960 60961 60962 60963 60964 60965 60966 60967 60968 60969 60970 60971 60972 60973
60973 60974 60975 60976 60977 60978 60979 60980 60981 60982 60983 60984 60985 60986 60987 60988 60989 60990 60991 60992 60993 60994 60995 60996 60997 60998 60999 61000 61001 61002 61003 61004 61005 61006 61007 61008 61009 61010 61011 61012 61013 61014 61015 61016 61017 61018 60921 60922 60923 60924 60925 60926 60927 60928 60929 60930 60931 60932 60933 60934 60935 60936 60937 60938 60939 60940 60941 60943 60944 60945 60946 60947 60948 60949 60950 60951 60952 60953 60954 60955 60956 60957 60958 60959 60960 60961 60962 60963 60964 60965 60966 60967 60968 60969 60970 60971 60972
60972 60973 60974 60975 60976 60977 60978 60979 60980 60981 60982 60983 60984 60985 60986 60987 60988 60989 60990 60991 60992 60993 60994 60995 60996 60997 60998 60999 61000 61001 61002 61003 61004 61005 61006 61007 61008 61009 61010 61011 61012 61013 61014 61015 61016 61017 61018 60921 60922 60923 60924 60925 60926 60927 60928 60929 60930 60931 60932 60933 60934 60935 60936 60937 60938 60939 60940 60941 60942 60944 60945 60946 60947 60948 60949 60950 60951 60952 60953 60954 60955 60956 60957 60958 60959 60960 60961 60962 60963 60964 60965 60966 60967 60968 60969 60970 60971
60971 60972 60973 60974 60975 60976 60977 60978 60979 60980 60981 60982 60983 60984 60985 60986 60987 60988 60989 60990 60991 60992 60993 60994 60995 60996 60997 60998 60999 61000 61001 61002 61003 61004 61005 61006 61007 61008 61009 61010 61011 61012 61013 61014 61015 61016 61017 61018 60921 60922 60923 60924 60925 60926 60927 60928 60929 60930 60931 60932 60933 60934 60935 60936 60937 60938 60939 60940 60941 60942 60944 60945 60946 60947 60948 60949 60950 60951 60952 60953 60954 60955 60956 60957 60958 60959 60960 60961 60962 60963 60964 60965 60966 60967 60968 60969 60970
60970 60971 60972 60973 60974 60975 60976 60977 60978 60979 60980 60981 60982 60983 60984 60985 60986 60987 60988 60989 60990 60991 60992 60993 60994 60995 60996 60997 60998 60999 61000 61001 61002 61003 61004 61005 61006 61007 61008 61009 61010 61011 61012 61013 61014 61015 61016 61017 61018 60921 60922 60923 60924 60925 60926 60927 60928 60929 60930 60931 60932 60933 60934 60935 60936 60937 60938 60939 60940 60941 60942 60944 60945 60946 60947 60948 60949 60950 60951 60952 60953 60954 60955 60956 60957 60958 60959 60960 60961 60962 60963 60964 60965 60966 60967 60968 60969
60969 60970 60971 60972 60973 60974 60975 60976 60977 60978 60979 60980 60981 60982 60983 60984 60985 60986 60987 60988 60989 60990 60991 60992 60993 60994 60995 60996 60997 60998 60999 61000 61001 61002 61003 61004 61005 61006 61007 61008 61009 61010 61011 61012 61013 61014 61015 61016 61017 61018 60921 60922 60923 60924 60925 60926 60927 60928 60929 60930 60931 60932 60933 60934 60935 60936 60937 60938 60939 60940 60941 60942 60944 60945 60946 60947 60948 60949 60950 60951 60952 60953 60954 60955 60956 60957 60958 60959 60960 60961 60962 60963 60964 60965 60966 60967 60968
60968 60969 60970 60971 60972 60973 60974 60975 60976 60977 60978 60979 60980 60981 60982 60983 60984 60985 60986 60987 60988 60989 60990 60991 60992 60993 60994 60995 60996 60997 60998 60999 61000 61001 61002 61003 61004 61005 61006 61007 61008 61009 61010 61011 61012 61013 61014 61015 61016 61017 61018 60921 60922 60923 60924 60925 60926 60927 60928 60929 60930 60931 60932 60933 60934 60935 60936 60937 60938 60939 60940 60941 60942 60944 60945 60946 60947 60948 60949 60950 60951 60952 60953 60954 60955 60956 60957 60958 60959 60960 60961 60962 60963 60964 60965 60966 60967
60967 60968 60969 60970 60971 60972 60973 60974 60975 60976 60977 60978 60979 60980 60981 60982 60983 60984 60985 60986 60987 60988 60989 60990 60991 60992 60993 60994 60995 60996 60997 60998 60999 61000 61001 61002 61003 61004 61005 61006 61007 61008 61009 61010 61011 61012 61013 61014 61015 61016 61017 61018 60921 60922 60923 60924 60925 60926 60927 60928 60929 60930 60931 60932 60933 60934 60935 60936 60937 60938 60939 60940 60941 60942 60944 60945 60946 60947 60948 60949 60950 60951 60952 60953 60954 60955 60956 60957 60958 60959 60960 60961 60962 60963 60964 60965 60966
60966 60967 60968 60969 60970 60971 60972 60973 60974 60975 60976 60977 60978 60979 60980 60981 60982 60983 60984 60985 60986 60987 60988 60989 60990 60991 60992 60993 60994 60995 60996 60997 60998 60999 61000 61001 61002 61003 61004 61005 61006 61007 61008 61009 61010 61011 61012 61013 61014 61015 61016 61017 61018 60921 60922 60923 60924 60925 60926 60927 60928 60929 60930 60931 60932 60933 60934 60935 60936 60937 60938 60939 60940 60941 60942 60944 60945 60946 60947 60948 60949 60950 60951 60952 60953 60954 60955 60956 60957 60958 60959 60960 60961 60962 60963 60964 60965
60965 60966 60967 60968 60969 60970 60971 60972 60973 60974 60975 60976 60977 60978 60979 60980 60981 60982 60983 60984 60985 60986 60987 60988 60989 60990 60991 60992 60993 60994 60995 60996 60997 60998 60999 61000 61001 61002 61003 61004 61005 61006 61007 61008 61009 61010 61011 61012 61013 61014 61015 61016 61017 61018 60921 60922 60923 60924 60925 60926 60927 60928 60929 60930 60931 60932 60933 60934 60935 60936 60937 60938 60939 60940 60941 60942 60944 60945 60946 60947 60948 60949 60950 60951 60952 60953 60954 60955 60956 60957 60958 60959 60960 60961 60962 60963 60964
60964 60965 60966 60967 60968 60969 60970 60971 60972 60973 60974 60975 60976 60977 60978 60979 60980 60981 60982 60983 60984 60985 60986 60987 60988 60989 60990 60991 60992 60993 60994 60995 60996 60997 60998 60999 61000 61001 61002 61003 61004 61005 61006 61007 61008 61009 61010 61011 61012 61013 61014 61015 61016 61017 61018 60921 60922 60923 60924 60925 60926 60927 60928 60929 60930 60931 60932 60933 60934 60935 60936 60937 60938 60939 60940 60941 60942 60944 60945 60946 60947 60948 60949 60950 60951 60952 60953 60954 60955 60956 60957 60958 60959 60960 60961 60962 60963
60963 60964 60965 60966 60967 60968 60969 60970 60971 60972 60973 60974 60975 60976 60977 60978 60979 60980 60981 60982 60983 60984 60985 60986 60987 60988 60989 60990 60991 60992 60993 60994 60995 60996 60997 60998 60999 61000 61001 61002 61003 61004 61005 61006 61007 61008 61009 61010 61011 61012 61013 61014 61015 61016 61017 61018 60921 60922 60923 60924 60925 60926 60927 60928 60929 60930 60931 60932 60933 60934 60935 60936 60937 60938 60939 60940 60941 60942 60944 60945 60946 60947 60948 60949 60950 60951 60952 60953 60954 60955 60956 60957 60958 60959 60960 60961 60962
60962 60963 60964 60965 60966 60967 60968 60969 60970 60971 60972 60973 60974 60975 60976 60977 60978 60979 60980 60981 60982 60983 60984 60985 60986 60987 60988 60989 60990 60991 60992 60993 60994 60995 60996 60997 60998 60999 61000 61001 61002 61003 61004 61005 61006 61007 61008 61009 61010 61011 61012 61013 61014 61015 61016 61017 61018 60921 60922 60923 60924 60925 60926 60927 60928 60929 60930 60931 60932 60933 60934 60935 60936 60937 60938 60939 60940 60941 60942 60944 60945 60946 60947 60948 60949 60950 60951 60952 60953 60954 60955 60956 60957 60958 60959 60960 60961
60961 60962 60963 60964 60965 60966 60967 60968 60969 60970 60971 60972 60973 60974 60975 60976 60977 60978 60979 60980 60981 60982 60983 60984 60985 60986 60987 60988 60989 60990 60991 60992 60993 60994 60995 60996 60997 60998 60999 61000 61001 61002 61003 61004 61005 61006 61007 61008 61009 61010 61011 61012 61013 61014 61015 61016 61017 61018 60921 60922 60923 60924 60925 60926 60927 60928 60929 60930 60931 60932 60933 60934 60935 60936 60937 60938 60939 60940 60941 60942 60944 60945 60946 60947 60948 60949 60950 60951 60952 60953 60954 60955 60956 60957 60958 60959 60960
60960 60961 60962 60963 60964 60965 60966 60967 60968 60969 60970 60971 60972 60973 60974 60975 60976 60977 60978 60979 60980 60981 60982 60983 60984 60985 60986 60987 60988 60989 60990 60991 60992 60993 60994 60995 60996 60997 60998 60999 61000 61001 61002 61003 61004 61005 61006 61007 61008 61009 61010 61011 61012 61013 61014 61015 61016 61017 61018 60921 60922 60923 60924 60925 60926 60927 60928 60929 60930 60931 60932 60933 60934 60935 60936 60937 60938 60939 60940 60941 60942 60944 60945 60946 60947 60948 60949 60950 60951 60952 60953 60954 60955 60956 60957 60958 60959
60959 60960 60961 60962 60963 60964 60965 60966 60967 60968 60969 60970 60971 60972 60973 60974 60975 60976 60977 60978 60979 60980 60981 60982 60983 60984 60985 60986 60987 60988 60989 60990 60991 60992 60993 60994 60995 60996 60997 60998 60999 61000 61001 61002 61003 61004 61005 61006 61007 61008 61009 61010 61011 61012 61013 61014 61015 61016 61017 61018 60921 60922 60923 60924 60925 60926 60927 60928 60929 60930 60931 60932 60933 60934 60935 60936 60937 60938 60939 60940 60941 60942 60944 60945 60946 60947 60948 60949 60950 60951 60952 60953 60954 60955 60956 60957 60958
60958 60959 60960 60961 60962 60963 60964 60965 60966 60967 60968 60969 60970 60971 60972 60973 60974 60975 60976 60977 60978 60979 60980 60981 60982 60983 60984 60985 60986 60987 60988 60989 60990 60991 60992 60993 60994 60995 60996 60997 60998 60999 61000 61001 61002 61003 61004 61005 61006 61007 61008 61009 61010 61011 61012 61013 61014 61015 61016 61017 61018 60921 60922 60923 60924 60925 60926 60927 60928 60929 60930 60931 60932 60933 60934 60935 60936 60937 60938 60939 60940 60941 60942 60944 60945 60946 60947 60948 60949 60950 60951 60952 60953 60954 60955 60956 60957
60957 60958 60959 60960 60961 60962 60963 60964 60965 60966 60967 60968 60969 60970 60971 60972 60973 60974 60975 60976 60977 60978 60979 60980 60981 60982 60983 60984 60985 60986 60987 60988 60989 60990 60991 60992 60993 60994 60995 60996 60997 60998 60999 61000 61001 61002 61003 61004 61005 61006 61007 61008 61009 61010 61011 61012 61013 61014 61015 61016 61017 61018 60921 60922 60923 60924 60925 60926 60927 60928 60929 60930 60931 60932 60933 60934 60935 60936 60937 60938 60939 60940 60941 60942 60944 60945 60946 60947 60948 60949 60950 60951 60952 60953 60954 60955 60956
60956 60957 60958 60959 60960 60961 60962 60963 60964 60965 60966 60967 60968 60969 60970 60971 60972 60973 60974 60975 60976 60977 60978 60979 60980 60981 60982 60983 60984 60985 60986 60987 60988 60989 60990 60991 60992 60993 60994 60995 60996 60997 60998 60999 61000 61001 61002 61003 61004 61005 61006 61007 61008 61009 61010 61011 61012 61013 61014 61015 61016 61017 61018 60921 60922 60923 60924 60925 60926 60927 60928 60929 60930 60931 60932 60933 60934 60935 60936 60937 60938 60939 60940 60941 60942 60944 60945 60946 60947 60948 60949 60950 60951 60952 60953 60954 60955
60955 60956 60957 60958 60959 60960 60961 60962 60963 60964 60965 60966 60967 60968 60969 60970 60971 60972 60973 60974 60975 60976 60977 60978 60979 60980 60981 60982 60983 60984 60985 60986 60987 60988 60989 60990 60991 60992 60993 60994 60995 60996 60997 60998 60999 61000 61001 61002 61003 61004 61005 61006 61007 61008 61009 61010 61011 61012 61013 61014 61015 61016 61017 61018 60921 60922 60923 60924 60925 60926 60927 60928 60929 60930 60931 60932 60933 60934 60935 60936 60937 60938 60939 60940 60941 60942 60944 60945 60946 60947 60948 60949 60950 60951 60952 60953 60954
60954 60955 60956 60957 60958 60959 60960 60961 60962 60963 60964 60965 60966 60967 60968 60969 60970 60971 60972 60973 60974 60975 60976 60977 60978 60979 60980 60981 60982 60983 60984 60985 60986 60987 60988 60989 60990 60991 60992 60993 60994 60995 60996 60997 60998 60999 61000 61001 61002 61003 61004 61005 61006 61007 61008 61009 61010 61011 61012 61013 61014 61015 61016 61017 61018 60921 60922 60923 60924 60925 60926 60927 60928 60929 60930 60931 60932 60933 60934 60935 60936 60937 60938 60939 60940 60941 60942 60944 60945 60946 60947 60948 60949 60950 60951 60952 60953
60953 60954 60955 60956 60957 60958 60959 60960 60961 60962 60963 60964 60965 60966 60967 60968 60969 60970 60971 60972 60973 60974 60975 60976 60977 60978 60979 60980 60981 60982 60983 60984 60985 60986 60987 60988 60989 60990 60991 60992 60993 60994 60995 60996 60997 60998 60999 61000 61001 61002 61003 61004 61005 61006 61007 61008 61009 61010 61011 61012 61013 61014 61015 61016 61017 61018 60921 60922 60923 60924 60925 60926 60927 60928 60929 60930 60931 60932 60933 60934 60935 60936 60937 60938 60939 60940 60941 60942 60944 60945 60946 60947 60948 60949 60950 60951 60952
60952 60953 60954 60955 60956 60957 60958 60959 60960 60961 60962 60963 60964 60965 60966 60967 60968 60969 60970 60971 60972 60973 60974 60975 60976 60977 60978 60979 60980 60981 60982 60983 60984 60985 60986 60987 60988 60989 60990 60991 60992 60993 60994 60995 60996 60997 60998 60999 61000 61001 61002 61003 61004 61005 61006 61007 61008 61009 61010 61011 61012 61013 61014 61015 61016 61017 61018 60921 60922 60923 60924 60925 60926 60927 60928 60929 60930 60931 60932 60933 60934 60935 60936 60937 60938 60939 60940 60941 60942 60944 60945 60946 60947 60948 60949 60950 60951
60951 60952 60953 60954 60955 60956 60957 60958 60959 60960 60961 60962 60963 60964 60965 60966 60967 60968 60969 60970 60971 60972 60973 60974 60975 60976 60977 60978 60979 60980 60981 60982 60983 60984 60985 60986 60987 60988 60989 60990 60991 60992 60993 60994 60995 60996 60997 60998 60999 61000 61001 61002 61003 61004 61005 61006 61007 61008 61009 61010 61011 61012 61013 61014 61015 61016 61017 61018 60921 60922 60923 60924 60925 60926 60927 60928 60929 60930 60931 60932 60933 60934 60935 60936 60937 60938 60939 60940 60941 60942 60944 60945 60946 60947 60948 60949 60950
60950 60951 60952 60953 60954 60955 60956 60957 60958 60959 60960 60961 60962 60963 60964 60965 60966 60967 60968 60969 60970 60971 60972 60973 60974 60975 60976 60977 60978 60979 60980 60981 60982 60983 60984 60985 60986 60987 60988 60989 60990 60991 60992 60993 60994 60995 60996 60997 60998 60999 61000 61001 61002 61003 61004 61005 61006 61007 61008 61009 61010 61011 61012 61013 61014 61015 61016 61017 61018 60921 60922 60923 60924 60925 60926 60927 60928 60929 60930 60931 60932 60933 60934 60935 60936 60937 60938 60939 60940 60941 60942 60944 60945 60946 60947 60948 60949
60949 60950 60951 60952 60953 60954 60955 60956 60957 60958 60959 60960 60961 60962 60963 60964 60965 60966 60967 60968 60969 60970 60971 60972 60973 60974 60975 60976 60977 60978 60979 60980 60981 60982 60983 60984 60985 60986 60987 60988 60989 60990 60991 60992 60993 60994 60995 60996 60997 60998 60999 61000 61001 61002 61003 61004 61005 61006 61007 61008 61009 61010 61011 61012 61013 61014 61015 61016 61017 61018 60921 60922 60923 60924 60925 60926 60927 60928 60929 60930 60931 60932 60933 60934 60935 60936 60937 60938 60939 60940 60941 60942 60944 60945 60946 60947 60948
60948 60949 60950 60951 60952 60953 60954 60955 60956 60957 60958 60959 60960 60961 60962 60963 60964 60965 60966 60967 60968 60969 60970 60971 60972 60973 60974 60975 60976 60977 60978 60979 60980 60981 60982 60983 60984 60985 60986 60987 60988 60989 60990 60991 60992 60993 60994 60995 60996 60997 60998 60999 61000 61001 61002 61003 61004 61005 61006 61007 61008 61009 61010 61011 61012 61013 61014 61015 61016 61017 61018 60921 60922 60923 60924 60925 60926 60927 60928 60929 60930 60931 60932 60933 60934 60935 60936 60937 60938 60939 60940 60941 60942 60944 60945 60946 60947
60947 60948 60949 60950 60951 60952 60953 60954 60955 60956 60957 60958 60959 60960 60961 60962 60963 60964 60965 60966 60967 60968 60969 60970 60971 60972 60973 60974 60975 60976 60977 60978 60979 60980 60981 60982 60983 60984 60985 60986 60987 60988 60989 60990 60991 60992 60993 60994 60995 60996 60997 60998 60999 61000 61001 61002 61003 61004 61005 61006 61007 61008 61009 61010 61011 61012 61013 61014 61015 61016 61017 61018 60921 60922 60923 60924 60925 60926 60927 60928 60929 60930 60931 60932 60933 60934 60935 60936 60937 60938 60939 60940 60941 60942 60944 60945 60946
60946 60947 60948 60949 60950 60951 60952 60953 60954 60955 60956 60957 60958 60959 60960 60961 60962 60963 60964 60965 60966 60967 60968 60969 60970 60971 60972 60973 60974 60975 60976 60977 60978 60979 60980 60981 60982 60983 60984 60985 60986 60987 60988 60989 60990 60991 60992 60993 60994 60995 60996 60997 60998 60999 61000 61001 61002 61003 61004 61005 61006 61007 61008 61009 61010 61011 61012 61013 61014 61015 61016 61017 61018 60921 60922 60923 60924 60925 60926 60927 60928 60929 60930 60931 60932 60933 60934 60935 60936 60937 60938 60939 60940 60941 60942 60944 60945
60945 60946 60947 60948 60949 60950 60951 60952 60953 60954 60955 60956 60957 60958 60959 60960 60961 60962 60963 60964 60965 60966 60967 60968 60969 60970 60971 60972 60973 60974 60975 60976 60977 60978 60979 60980 60981 60982 60983 60984 60985 60986 60987 60988 60989 60990 60991 60992 60993 60994 60995 60996 60997 60998 60999 61000 61001 61002 61003 61004 61005 61006 61007 61008 61009 61010 61011 61012 61013 61014 61015 61016 61017 61018 60921 60922 60923 60924 60925 60926 60927 60928 60929 60930 60931 60932 60933 60934 60935 60936 60937 60938 60939 60940 60941 60942 60944
60944 60945 60946 60947 60948 60949 60950 60951 60952 60953 60954 60955 60956 60957 60958 60959 60960 60961 60962 60963 60964 60965 60966 60967 60968 60969 60970 60971 60972 60973 60974 60975 60976 60977 60978 60979 60980 60981 60982 60983 60984 60985 60986 60987 60988 60989 60990 60991 60992 60993 60994 60995 60996 60997 60998 60999 61000 61001 61002 61003 61004 61005 61006 61007 61008 61009 61010 61011 61012 61013 61014 61015 61016 61017 61018 60921 60922 60923 60924 60925 60926 60927 60928 60929 60930 60931 60932 60933 60934 60935 60936 60937 60938 60939 60940 60941 60942
60942 60944 60945 60946 60947 60948 60949 60950 60951 60952 60953 60954 60955 60956 60957 60958 60959 60960 60961 60962 60963 60964 60965 60966 60967 60968 60969 60970 60971 60972 60973 60974 60975 60976 60977 60978 60979 60980 60981 60982 60983 60984 60985 60986 60987 60988 60989 60990 60991 60992 60993 60994 60995 60996 60997 60998 60999 61000 61001 61002 61003 61004 61005 61006 61007 61008 61009 61010 61011 61012 61013 61014 61015 61016 61017 61018 60921 60922 60923 60924 60925 60926 60927 60928 60929 60930 60931 60932 60933 60934 60935 60936 60937 60938 60939 60940 60941
60941 60942 60944 60945 60946 60947 60948 60949 60950 60951 60952 60953 60954 60955 60956 60957 60958 60959 60960 60961 60962 60963 60964 60965 60966 60967 60968 60969 60970 60971 60972 60973 60974 60975 60976 60977 60978 60979 60980 60981 60982 60983 60984 60985 60986 60987 60988 60989 60990 60991 60992 60993 60994 60995 60996 60997 60998 60999 61000 61001 61002 61003 61004 61005 61006 61007 61008 61009 61010 61011 61012 61013 61014 61015 61016 61017 61018 60921 60922 60923 60924 60925 60926 60927 60928 60929 60930 60931 60932 60933 60934 60935 60936 60937 60938 60939 60940
60940 60941 60942 60944 60945 60946 60947 60948 60949 60950 60951 60952 60953 60954 60955 60956 60957 60958 60959 60960 60961 60962 60963 60964 60965 60966 60967 60968 60969 60970 60971 60972 60973 60974 60975 60976 60977 60978 60979 60980 60981 60982 60983 60984 60985 60986 60987 60988 60989 60990 60991 60992 60993 60994 60995 60996 60997 60998 60999 61000 61001 61002 61003 61004 61005 61006 61007 61008 61009 61010 61011 61012 61013 61014 61015 61016 61017 61018 60921 60922 60923 60924 60925 60926 60927 60928 60929 60930 60931 60932 60933 60934 60935 60936 60937 60938 60939
60939 60940 60941 60942 60944 60945 60946 60947 60948 60949 60950 60951 60952 60953 60954 60955 60956 60957 60958 60959 60960 60961 60962 60963 60964 60965 60966 60967 60968 60969 60970 60971 60972 60973 60974 60975 60976 60977 60978 60979 60980 60981 60982 60983 60984 60985 60986 60987 60988 60989 60990 60991 60992 60993 60994 60995 60996 60997 60998 60999 61000 61001 61002 61003 61004 61005 61006 61007 61008 61009 61010 61011 61012 61013 61014 61015 61016 61017 61018 60921 60922 60923 60924 60925 60926 60927 60928 60929 60930 60931 60932 60933 60934 60935 60936 60937 60938
60938 60939 60940 60941 60942 60944 60945 60946 60947 60948 60949 60950 60951 60952 60953 60954 60955 60956 60957 60958 60959 60960 60961 60962 60963 60964 60965 60966 60967 60968 60969 60970 60971 60972 60973 60974 60975 60976 60977 60978 60979 60980 60981 60982 60983 60984 60985 60986 60987 60988 60989 60990 60991 60992 60993 60994 60995 60996 60997 60998 60999 61000 61001 61002 61003 61004 61005 61006 61007 61008 61009 61010 61011 61012 61013 61014 61015 61016 61017 61018 60921 60922 60923 60924 60925 60926 60927 60928 60929 60930 60931 60932 60933 60934 60935 60936 60937
60937 60938 60939 60940 60941 60942 60944 60945 60946 60947 60948 60949 60950 60951 60952 60953 60954 60955 60956 60957 60958 60959 60960 60961 60962 60963 60964 60965 60966 60967 60968 60969 60970 60971 60972 60973 60974 60975 60976 60977 60978 60979 60980 60981 60982 60983 60984 60985 60986 60987 60988 60989 60990 60991 60992 60993 60994 60995 60996 60997 60998 60999 61000 61001 61002 61003 61004 61005 61006 61007 61008 61009 61010 61011 61012 61013 61014 61015 61016 61017 61018 60921 60922 60923 60924 60925 60926 60927 60928 60929 60930 60931 60932 60933 60934 60935 60936
60936 60937 60938 60939 60940 60941 60942 60944 60945 60946 60947 60948 60949 60950 60951 60952 60953 60954 60955 60956 60957 60958 60959 60960 60961 60962 60963 60964 60965 60966 60967 60968 60969 60970 60971 60972 60973 60974 60975 60976 60977 60978 60979 60980 60981 60982 60983 60984 60985 60986 60987 60988 60989 60990 60991 60992 60993 60994 60995 60996 60997 60998 60999 61000 61001 61002 61003 61004 61005 61006 61007 61008 61009 61010 61011 61012 61013 61014 61015 61016 61017 61018 60921 60922 60923 60924 60925 60926 60927 60928 60929 60930 60931 60932 60933 60934 60935
60935 60936 60937 60938 60939 60940 60941 60942 60944 60945 60946 60947 60948 60949 60950 60951 60952 60953 60954 60955 60956 60957 60958 60959 60960 60961 60962 60963 60964 60965 60966 60967 60968 60969 60970 60971 60972 60973 60974 60975 60976 60977 60978 60979 60980 60981 60982 60983 60984 60985 60986 60987 60988 60989 60990 60991 60992 60993 60994 60995 60996 60997 60998 60999 61000 61001 61002 61003 61004 61005 61006 61007 61008 61009 61010 61011 61012 61013 61014 61015 61016 61017 61018 60921 60922 60923 60924 60925 60926 60927 60928 60929 60930 60931 60932 60933 60934
60934 60935 60936 60937 60938 60939 60940 60941 60942 60944 60945 60946 60947 60948 60949 60950 60951 60952 60953 60954 60955 60956 60957 60958 60959 60960 60961 60962 60963 60964 60965 60966 60967 60968 60969 60970 60971 60972 60973 60974 60975 60976 60977 60978 60979 60980 60981 60982 60983 60984 60985 60986 60987 60988 60989 60990 60991 60992 60993 60994 60995 60996 60997 60998 60999 61000 61001 61002 61003 61004 61005 61006 61007 61008 61009 61010 61011 61012 61013 61014 61015 61016 61017 61018 60921 60922 60923 60924 60925 60926 60927 60928 60929 60930 60931 60932 60933
60933 60934 60935 60936 60937 60938 60939 60940 60941 60942 60944 60945 60946 60947 60948 60949 60950 60951 60952 60953 60954 60955 60956 60957 60958 60959 60960 60961 60962 60963 60964 60965 60966 60967 60968 60969 60970 60971 60972 60973 60974 60975 60976 60977 60978 60979 60980 60981 60982 60983 60984 60985 60986 60987 60988 60989 60990 60991 60992 60993 60994 60995 60996 60997 60998 60999 61000 61001 61002 61003 61004 61005 61006 61007 61008 61009 61010 61011 61012 61013 61014 61015 61016 61017 61018 60921 60922 60923 60924 60925 60926 60927 60928 60929 60930 60931 60932
60932 60933 60934 60935 60936 60937 60938 60939 60940 60941 60942 60944 60945 60946 60947 60948 60949 60950 60951 60952 60953 60954 60955 60956 60957 60958 60959 60960 60961 60962 60963 60964 60965 60966 60967 60968 60969 60970 60971 60972 60973 60974 60975 60976 60977 60978 60979 60980 60981 60982 60983 60984 60985 60986 60987 60988 60989 60990 60991 60992 60993 60994 60995 60996 60997 60998 60999 61000 61001 61002 61003 61004 61005 61006 61007 61008 61009 61010 61011 61012 61013 61014 61015 61016 61017 61018 60921 60922 60923 60924 60925 60926 60927 60928 60929 60930 60931
60931 60932 60933 60934 60935 60936 60937 60938 60939 60940 60941 60942 60944 60945 60946 60947 60948 60949 60950 60951 60952 60953 60954 60955 60956 60957 60958 60959 60960 60961 60962 60963 60964 60965 60966 60967 60968 60969 60970 60971 60972 60973 60974 60975 60976 60977 60978 60979 60980 60981 60982 60983 60984 60985 60986 60987 60988 60989 60990 60991 60992 60993 60994 60995 60996 60997 60998 60999 61000 61001 61002 61003 61004 61005 61006 61007 61008 61009 61010 61011 61012 61013 61014 61015 61016 61017 61018 60921 60922 60923 60924 60925 60926 60927 60928 60929 60930
60930 60931 60932 60933 60934 60935 60936 60937 60938 60939 60940 60941 60942 60944 60945 60946 60947 60948 60949 60950 60951 60952 60953 60954 60955 60956 60957 60958 60959 60960 60961 60962 60963 60964 60965 60966 60967 60968 60969 60970 60971 60972 60973 60974 60975 60976 60977 60978 60979 60980 60981 60982 60983 60984 60985 60986 60987 60988 60989 60990 60991 60992 60993 60994 60995 60996 60997 60998 60999 61000 61001 61002 61003 61004 61005 61006 61007 61008 61009 61010 61011 61012 61013 61014 61015 61016 61017 61018 60921 60922 60923 60924 60925 60926 60927 60928 60929
60929 60930 60931 60932 60933 60934 60935 60936 60937 60938 60939 60940 60941 60942 60944 60945 60946 60947 60948 60949 60950 60951 60952 60953 60954 60955 60956 60957 60958 60959 60960 60961 60962 60963 60964 60965 60966 60967 60968 60969 60970 60971 60972 60973 60974 60975 60976 60977 60978 60979 60980 60981 60982 60983 60984 60985 60986 60987 60988 60989 60990 60991 60992 60993 60994 60995 60996 60997 60998 60999 61000 61001 61002 61003 61004 61005 61006 61007 61008 61009 61010 61011 61012 61013 61014 61015 61016 61017 61018 60921 60922 60923 60924 60925 60926 60927 60928
60928 60929 60930 60931 60932 60933 60934 60935 60936 60937 60938 60939 60940 60941 60942 60944 60945 60946 60947 60948 60949 60950 60951 60952 60953 60954 60955 60956 60957 60958 60959 60960 60961 60962 60963 60964 60965 60966 60967 60968 60969 60970 60971 60972 60973 60974 60975 60976 60977 60978 60979 60980 60981 60982 60983 60984 60985 60986 60987 60988 60989 60990 60991 60992 60993 60994 60995 60996 60997 60998 60999 61000 61001 61002 61003 61004 61005 61006 61007 61008 61009 61010 61011 61012 61013 61014 61015 61016 61017 61018 60921 60922 60923 60924 60925 60926 60927
60927 60928 60929 60930 60931 60932 60933 60934 60935 60936 60937 60938 60939 60940 60941 60942 60944 60945 60946 60947 60948 60949 60950 60951 60952 60953 60954 60955 60956 60957 60958 60959 60960 60961 60962 60963 60964 60965 60966 60967 60968 60969 60970 60971 60972 60973 60974 60975 60976 60977 60978 60979 60980 60981 60982 60983 60984 60985 60986 60987 60988 60989 60990 60991 60992 60993 60994 60995 60996 60997 60998 60999 61000 61001 61002 61003 61004 61005 61006 61007 61008 61009 61010 61011 61012 61013 61014 61015 61016 61017 61018 60921 60922 60923 60924 60925 60926
60926 60927 60928 60929 60930 60931 60932 60933 60934 60935 60936 60937 60938 60939 60940 60941 60942 60944 60945 60946 60947 60948 60949 60950 60951 60952 60953 60954 60955 60956 60957 60958 60959 60960 60961 60962 60963 60964 60965 60966 60967 60968 60969 60970 60971 60972 60973 60974 60975 60976 60977 60978 60979 60980 60981 60982 60983 60984 60985 60986 60987 60988 60989 60990 60991 60992 60993 60994 60995 60996 60997 60998 60999 61000 61001 61002 61003 61004 61005 61006 61007 61008 61009 61010 61011 61012 61013 61014 61015 61016 61017 61018 60921 60922 60923 60924 60925
60925 60926 60927 60928 60929 60930 60931 60932 60933 60934 60935 60936 60937 60938 60939 60940 60941 60942 60944 60945 60946 60947 60948 60949 60950 60951 60952 60953 60954 60955 60956 60957 60958 60959 60960 60961 60962 60963 60964 60965 60966 60967 60968 60969 60970 60971 60972 60973 60974 60975 60976 60977 60978 60979 60980 60981 60982 60983 60984 60985 60986 60987 60988 60989 60990 60991 60992 60993 60994 60995 60996 60997 60998 60999 61000 61001 61002 61003 61004 61005 61006 61007 61008 61009 61010 61011 61012 61013 61014 61015 61016 61017 61018 60921 60922 60923 60924
60924 60925 60926 60927 60928 60929 60930 60931 60932 60933 60934 60935 60936 60937 60938 60939 60940 60941 60942 60944 60945 60946 60947 60948 60949 60950 60951 60952 60953 60954 60955 60956 60957 60958 60959 60960 60961 60962 60963 60964 60965 60966 60967 60968 60969 60970 60971 60972 60973 60974 60975 60976 60977 60978 60979 60980 60981 60982 60983 60984 60985 60986 60987 60988 60989 60990 60991 60992 60993 60994 60995 60996 60997 60998 60999 61000 61001 61002 61003 61004 61005 61006 61007 61008 61009 61010 61011 61012 61013 61014 61015 61016 61017 61018 60921 60922 60923
60923 60924 60925 60926 60927 60928 60929 60930 60931 60932 60933 60934 60935 60936 60937 60938 60939 60940 60941 60942 60944 60945 60946 60947 60948 60949 60950 60951 60952 60953 60954 60955 60956 60957 60958 60959 60960 60961 60962 60963 60964 60965 60966 60967 60968 60969 60970 60971 60972 60973 60974 60975 60976 60977 60978 60979 60980 60981 60982 60983 60984 60985 60986 60987 60988 60989 60990 60991 60992 60993 60994 60995 60996 60997 60998 60999 61000 61001 61002 61003 61004 61005 61006 61007 61008 61009 61010 61011 61012 61013 61014 61015 61016 61017 61018 60921 60922
60922 60923 60924 60925 60926 60927 60928 60929 60930 60931 60932 60933 60934 60935 60936 60937 60938 60939 60940 60941 60942 60944 60945 60946 60947 60948 60949 60950 60951 60952 60953 60954 60955 60956 60957 60958 60959 60960 60961 60962 60963 60964 60965 60966 60967 60968 60969 60970 60971 60972 60973 60974 60975 60976 60977 60978 60979 60980 60981 60982 60983 60984 60985 60986 60987 60988 60989 60990 60991 60992 60993 60994 60995 60996 60997 60998 60999 61000 61001 61002 61003 61004 61005 61006 61007 61008 61009 61010 61011 61012 61013 61014 61015 61016 61017 61018 60921